-4.022884e-01
1.432423e-01
4.521903e-01
-7.814513e-01
1.379798e+00
-1.233322e+00
1.060950e+00
7.164085e-01
1.029288e-01
-1.935202e+00
2.168676e-01
5.904623e-01
7.845763e-01
-5.954045e-01
-2.067476e+00
1.126898e+00
7.245988e-01
-9.460667e-01
8.390007e-01
1.397542e+00
-7.329219e-01
1.683009e+00
5.351640e-01
1.424408e+00
-3.437269e-01
2.221895e-01
5.901143e-02
-6.718799e-01
-3.591672e-01
-5.477110e-01
2.773448e+00
-8.745266e-01
-1.118078e+00
-1.104216e-02
-7.610954e-01
-3.894875e-01
-2.764443e-01
6.310259e-01
8.606634e-02
4.459185e-01
-1.245235e+00
1.483115e+00
-1.533454e+00
1.834295e+00
-7.368174e-01
-1.307442e-01
-1.444953e-01
-1.426346e+00
-1.236788e+00
-1.683957e+00
-1.045297e+00
1.207384e+00
3.363909e-02
1.104490e+00
-3.893196e-01
-7.654253e-01
-7.081571e-01
-6.286306e-01
1.244169e+00
-6.144561e-01
5.120440e-01
2.578483e-01
-6.212080e-02
1.001339e+00
-8.605570e-01
7.010463e-01
-1.799955e-01
7.343924e-01
2.136835e-01
-1.494717e+00
-6.447619e-01
-1.032700e+00
6.229095e-01
1.829102e+00
-1.900206e-01
2.819985e+00
1.464411e+00
2.994924e-01
4.946950e-01
-1.355534e+00
-9.353363e-01
-2.967506e-01
8.830335e-02
4.852950e-01
-6.036267e-02
3.649369e-01
-8.354929e-01
8.606341e-01
9.799101e-01
1.457518e+00
3.010421e-01
9.133642e-02
-1.300152e+00
-1.118665e-01
-5.153853e-01
3.688921e-01
5.485508e-01
-6.688152e-01
5.909076e-01
-1.042842e+00
7.523217e-01
4.399952e-01
-4.164317e-01
1.532707e+00
1.102807e+00
-3.118069e-01
-1.624973e+00
-5.924742e-01
-3.177367e-01
-2.600279e-01
1.219490e+00
-1.074382e-01
-2.218753e-01
-2.466314e-01
1.037977e+00
3.710972e-01
-1.242294e+00
1.318630e+00
6.084875e-01
9.157840e-01
-7.570800e-01
7.306850e-01
-1.269117e-01
7.596175e-02
-2.237562e+00
-9.494963e-02
6.755567e-01
8.111546e-01
4.184108e-01
1.559874e+00
-4.492457e-02
7.624638e-01
-7.211474e-01
2.807557e-02
1.158938e+00
-5.539115e-01
-1.606624e-01
8.357830e-01
4.412848e-01
6.673889e-02
9.210840e-01
-1.008253e+00
-6.416109e-01
1.681750e+00
1.626616e+00
-4.893321e-01
6.098534e-02
-1.355463e+00
-5.587768e-01
1.379044e+00
7.959660e-02
2.373179e+00
4.969912e-01
-6.370787e-01
1.325464e+00
-1.160737e+00
-5.049439e-01
3.640690e-01
-9.221377e-01
-2.979812e-01
-3.310043e-01
2.507438e-01
9.737723e-01
1.065219e+00
1.168035e+00
-4.664247e-01
-7.295338e-01
-9.804534e-01
8.519457e-01
1.899969e+00
5.174314e-01
-5.749643e-01
1.944755e-01
-1.509553e+00
4.790017e-01
6.115225e-02
-6.540789e-01
-1.751148e+00
-1.091835e+00
8.738917e-01
-2.595520e-01
-5.606959e-01
3.688802e-01
-1.104165e+00
-1.194501e+00
6.198862e-01
1.604001e-01
6.386211e-02
6.054202e-01
-2.743476e-02
-1.014488e+00
4.707003e-01
1.026496e+00
-4.474533e-01
1.679752e-02
1.530103e-01
3.186082e+00
2.707515e-01
3.127713e-01
5.024228e-01
1.344255e+00
-1.369198e+00
-1.090408e+00
1.144077e+00
-3.288499e-01
1.289624e+00
-6.290482e-01
7.232681e-01
1.893775e-01
9.265931e-01
-1.091427e+00
-8.089938e-01
-1.290456e-01
-3.571516e-01
5.240518e-01
6.379962e-01
1.011782e+00
-5.171022e-01
-8.064398e-01
2.259521e+00
5.069492e-01
-9.528767e-01
-1.676135e+00
1.618805e+00
-1.925076e+00
-4.422832e-01
2.201647e-01
1.506961e+00
-3.949226e-01
7.822820e-01
-1.916839e+00
6.217671e-01
-1.545717e+00
1.361124e+00
1.887623e+00
2.161938e+00
-7.393471e-01
2.040063e-01
7.741337e-01
1.286874e+00
1.605738e+00
2.018650e-01
1.128105e-01
-4.781672e-01
-1.009112e+00
-3.918189e-01
1.027509e-01
1.761304e+00
9.633531e-01
8.367267e-01
2.846397e-01
-8.024773e-01
7.974769e-01
7.950785e-01
2.953034e-01
-1.522135e+00
4.146472e-01
1.298302e+00
-1.568552e-01
-3.247942e-01
2.347893e-01
-7.012097e-01
-5.156905e-01
5.394804e-01
6.304913e-01
-6.163087e-01
5.315990e-01
1.253097e+00
8.439084e-01
8.280333e-01
3.385684e-01
3.845059e-02
-4.992069e-01
-9.869702e-01
-5.215841e-01
1.187504e+00
-2.383397e-01
-1.092945e+00
-7.904966e-01
3.700960e-02
-4.413646e-01
9.484528e-01
-6.945781e-01
-8.064321e-01
1.164813e+00
-1.005826e+00
5.981767e-01
6.107611e-01
-7.304952e-01
-1.986771e-01
2.322589e+00
-2.130042e-02
-7.693052e-02
-3.065921e-01
1.671274e-01
-6.738938e-01
8.140357e-02
-8.872223e-01
1.581105e+00
-1.064809e+00
-6.051833e-01
1.070140e+00
1.495351e+00
1.470214e+00
1.290878e-01
3.514884e-01
6.039944e-01
-1.561903e+00
-3.333650e-01
2.349267e-01
-4.227583e-01
1.305698e+00
-3.117905e-01
8.142922e-01
-1.199379e-01
-1.265376e+00
1.989927e+00
-4.089929e-01
-1.739176e-01
1.099176e+00
-5.529959e-02
5.020887e-02
-6.703295e-01
-3.039564e-01
2.150752e-01
-5.359782e-01
-3.761475e-02
9.732428e-01
-8.331283e-01
2.930778e+00
1.214868e+00
1.368657e+00
-4.565799e-01
-7.521546e-02
6.263184e-01
-8.300328e-01
-2.764829e-01
1.969817e-01
1.366744e+00
-4.938253e-01
-8.008459e-01
-1.247826e+00
-7.531681e-01
2.368816e-01
-4.378154e-01
9.718942e-01
8.121475e-01
-9.324225e-01
8.741864e-01
4.376635e-01
1.238055e-01
4.341413e-01
3.906148e-01
1.099250e+00
2.111198e-01
2.208280e+00
7.383273e-01
2.165657e+00
-2.773403e-03
-4.490653e-01
-9.151433e-02
6.729715e-01
3.925764e-01
-1.377139e+00
-2.190470e-01
7.606134e-01
1.079629e+00
8.512874e-01
-4.457290e-01
1.937672e-01
-6.067444e-02
-7.967188e-01
1.909927e-01
1.488484e+00
2.612045e-03
1.021209e+00
-1.720343e-01
9.440806e-01
-1.132260e+00
-1.686798e-01
-1.397474e+00
6.753052e-01
-1.218125e+00
-5.798615e-01
5.174277e-01
-1.134694e-01
2.138562e-01
1.756063e+00
5.585583e-01
-1.183256e+00
-1.836456e+00
1.015657e+00
1.804387e+00
4.480375e-01
6.887047e-01
5.814658e-02
-4.274035e-01
2.127015e+00
-8.485901e-01
-1.117145e+00
1.236913e+00
-3.187493e-01
-1.139468e+00
8.574388e-01
-2.251111e-01
4.636740e-01
8.060944e-01
3.388048e-01
-1.750251e+00
-7.560296e-01
1.133479e+00
1.365044e+00
3.299986e-01
1.427466e-01
-1.465203e+00
-1.781014e+00
-3.204704e-01
4.183304e-02
-1.297386e+00
-1.773755e-01
2.001870e+00
-1.901960e+00
2.170335e+00
2.808864e-01
-4.079008e-01
-2.387318e-02
-1.327949e+00
-2.614855e-02
1.050116e+00
-4.851131e-01
3.263878e-01
7.440941e-01
-1.347359e+00
7.502661e-01
-2.566805e-01
3.637200e-01
1.533136e-01
-5.981176e-01
1.928703e+00
4.139230e-01
8.134408e-01
-9.286866e-02
-4.330196e-01
-2.638156e-01
4.837739e-01
-2.225236e+00
-2.069803e+00
1.097957e+00
-2.760678e-01
-6.125461e-01
9.958783e-02
-1.731186e-01
-2.761628e-01
1.732740e+00
1.492324e+00
-8.003285e-01
-1.016408e+00
3.866257e-01
-1.713600e+00
1.232788e+00
-2.537363e-01
-1.486376e+00
-4.368406e-01
6.889101e-01
-1.265486e+00
-2.480409e-01
4.945735e-01
1.547240e+00
-1.055948e+00
-1.506992e+00
-1.309426e-02
1.814830e+00
-4.813396e-01
-4.514551e-01
-6.164074e-01
6.878724e-01
-3.341378e-01
9.013077e-01
-5.364273e-01
-3.149902e-01
-7.548961e-01
8.943803e-01
1.588758e+00
1.739871e+00
3.027541e-02
-6.820528e-01
7.216922e-01
-7.187564e-01
1.615686e-01
-3.962464e-01
8.884684e-01
-2.091024e+00
9.575133e-01
-3.863203e-01
9.428654e-01
7.995708e-03
8.427004e-01
3.501360e-01
7.838061e-01
3.369215e-01
-5.275525e-01
-1.165878e+00
1.860011e+00
7.754473e-01
5.200005e-01
1.339596e+00
1.302854e-01
-1.681205e+00
-4.759914e-01
-5.956306e-01
3.205004e-01
-2.626144e-01
-8.060612e-01
5.788590e-02
1.881581e-01
-1.520220e+00
5.627104e-01
7.146471e-01
-4.925221e-01
-3.644678e-01
-2.708489e-01
5.239748e-01
2.542001e-01
-4.509668e-01
6.431828e-01
2.307241e-01
-1.092353e+00
-1.552128e-01
-7.468250e-03
-4.180995e-01
1.593418e+00
-2.655923e-01
-1.389578e-01
9.071021e-01
4.222579e-01
-1.306896e+00
7.588354e-01
-1.035800e+00
6.829488e-01
1.793011e+00
-1.466690e+00
1.437348e+00
2.153685e-01
-8.516723e-01
1.572656e+00
7.251537e-01
3.467587e-01
-4.053418e-02
-1.693079e-01
-1.187488e+00
2.022602e-03
-2.915438e-01
-3.576126e-01
-1.578638e-01
3.192389e-01
6.820693e-01
2.390603e+00
-1.383835e+00
1.903941e+00
-1.952323e-01
-1.314515e+00
1.062970e+00
3.687067e-01
1.398806e+00
7.097318e-01
3.252298e-01
1.312809e+00
-9.365532e-01
2.566651e-01
4.182577e-01
5.263907e-01
5.573347e-01
6.915299e-01
-2.897195e+00
7.742988e-01
1.460952e+00
8.008229e-01
-1.826978e-01
3.245998e-01
-7.843890e-01
-2.623458e+00
8.147244e-01
1.399544e-01
-1.578231e+00
7.785129e-01
-1.423609e-01
-5.707353e-01
-4.244171e-01
9.491118e-01
-2.334903e-01
3.722999e-01
1.256331e+00
4.238656e-01
-6.553001e-01
-8.706880e-01
2.657346e-01
-7.154327e-01
-9.277370e-01
-2.660466e-01
-7.135091e-02
3.080745e-02
3.478579e-01
7.578400e-01
5.219961e-01
7.981690e-01
1.073404e+00
-1.166019e-01
-9.097402e-01
-7.075187e-01
1.166189e+00
-6.405799e-01
-1.497647e+00
1.325119e+00
7.751795e-01
3.893832e-01
-6.851011e-01
2.174371e+00
1.509596e+00
-7.715190e-02
1.419743e-01
7.656478e-01
1.608099e+00
2.290888e+00
-1.752066e+00
3.498371e-01
2.861378e-01
1.569267e+00
-1.054046e+00
-1.103551e-01
-4.384280e-01
6.935428e-01
-5.451150e-01
-1.203412e+00
-1.019977e+00
9.562911e-01
-6.050845e-01
6.179705e-02
1.034621e+00
-4.334982e-01
-1.274358e+00
-1.954474e+00
-1.224386e+00
-1.014118e+00
1.782549e+00
2.058807e-01
-1.127915e+00
5.326883e-01
7.955328e-01
1.334588e+00
-1.113127e+00
6.008059e-01
4.063682e-01
7.434228e-01
1.555976e-01
3.546441e-01
4.293447e-02
1.358498e+00
-7.124863e-01
-6.107664e-01
-1.103591e+00
-1.771116e+00
6.028161e-01
2.107561e+00
-2.482675e+00
-9.088814e-01
-6.726836e-01
-3.034148e-01
-1.254537e+00
-1.205711e-01
2.716523e+00
-8.361784e-02
-3.177650e-01
5.560573e-01
-6.137256e-01
-8.370650e-02
-2.651164e-01
1.722494e-01
-1.062168e+00
-1.324062e+00
2.662925e-01
-1.133763e-01
-1.393200e+00
-1.497345e+00
-2.052248e-01
6.167689e-01
3.254152e-01
-9.431557e-01
-1.611822e+00
-1.941252e+00
-8.217369e-01
-2.801529e-01
3.177921e-01
-7.224234e-01
-1.016202e+00
1.569745e-01
1.475771e+00
1.860871e-01
9.340989e-01
-1.500895e+00
-2.147750e-01
-7.913598e-01
7.746787e-02
-1.519214e+00
6.920358e-01
5.109008e-01
-2.180953e+00
1.118877e+00
-1.062242e+00
-1.771543e+00
3.040920e-01
6.882063e-01
-4.147657e-01
3.064885e-01
-3.292285e-01
5.990625e-01
-8.618489e-01
-7.486929e-01
-2.055961e-01
-5.912961e-01
1.478715e+00
9.301979e-01
-5.875864e-01
6.851584e-01
2.921121e-01
1.320266e+00
7.482372e-01
-5.320341e-01
3.607458e-01
7.031754e-02
6.151725e-01
1.274551e+00
1.341941e+00
-9.082811e-01
-7.230627e-01
-1.190182e+00
-4.157372e-01
-3.829920e-01
-2.453829e+00
1.433964e+00
-7.640268e-01
2.116974e+00
-2.361496e+00
-8.341186e-02
-1.105516e+00
1.561314e+00
-1.785302e+00
-4.858668e-01
1.614710e+00
5.362117e-01
-1.614480e+00
1.687740e+00
-4.489826e-02
1.503342e+00
-5.481165e-03
1.486945e+00
-6.436956e-01
1.320751e+00
-7.220554e-01
-1.062401e+00
-4.828643e-01
-1.071479e+00
-1.373958e+00
-4.358162e-01
-8.965922e-01
-2.150066e-01
1.888576e+00
7.744177e-01
7.321422e-01
-1.164362e+00
-1.572625e+00
2.001401e+00
1.120961e+00
1.020707e+00
-2.302663e+00
2.184950e-01
-6.180421e-02
6.231226e-01
6.409169e-01
-8.904982e-01
1.957640e+00
-2.851917e-01
5.819414e-01
1.704231e+00
-1.019414e+00
-2.027631e+00
1.246347e+00
4.628293e-01
-1.345225e+00
-3.226232e-01
-2.143243e-01
-6.074740e-02
2.023842e+00
-1.471852e+00
-1.983727e-01
-7.538969e-01
4.953364e-02
1.361541e+00
-1.398000e+00
-1.435489e+00
-1.070796e+00
-1.086854e+00
3.022901e-01
1.305890e-01
3.222797e-01
-1.425204e+00
-7.435888e-01
5.971704e-01
6.790892e-01
1.884651e+00
-2.409739e-01
4.319478e-01
-1.505016e+00
-1.164427e-01
-4.553457e-01
-1.912689e+00
-7.621918e-01
1.008780e+00
1.469950e+00
8.616571e-02
-1.131370e+00
7.091364e-01
1.440253e-01
4.252245e-02
-8.423791e-01
-3.733119e-01
1.973851e-01
1.843305e+00
2.093985e+00
-2.033034e+00
-4.725849e-01
1.137250e+00
-8.713647e-01
-1.773677e+00
-1.070946e+00
5.332222e-01
6.336325e-01
-9.422527e-01
5.428784e-01
3.165162e+00
-1.572236e+00
-5.939370e-01
9.790375e-01
1.526634e+00
2.582561e-01
9.698430e-01
1.626244e+00
-2.052896e+00
-9.563117e-01
-1.784005e+00
-8.399136e-01
-1.708234e+00
-9.292299e-01
-6.232300e-02
1.012788e+00
-5.773934e-01
1.650514e+00
9.299978e-01
-1.785271e-01
-5.086287e-01
4.314407e-01
-1.137025e+00
-8.206630e-02
1.141103e+00
-2.383735e-02
1.465750e-01
3.624110e-02
7.176741e-01
-8.058750e-01
7.408691e-01
-1.154518e+00
3.071324e-01
-1.259881e+00
1.538892e+00
1.827211e+00
-1.427109e+00
-1.097044e-01
1.020863e+00
4.991414e-01
1.734413e+00
-5.468553e-01
-2.200865e-03
-2.342840e+00
-9.268711e-01
-2.092765e+00
-2.575827e-01
1.467940e-01
-2.034879e+00
-1.022436e-01
1.848617e+00
2.475524e-01
-1.071356e+00
1.829594e+00
-5.205613e-01
-9.007266e-02
-5.664631e-01
1.873203e-01
-6.065957e-01
6.940769e-01
9.471864e-01
-5.639947e-01
5.347626e-01
-6.761520e-01
-1.583593e-01
-5.424405e-01
-3.174984e-01
7.140549e-01
2.275835e+00
1.386632e+00
-7.451364e-02
1.841357e+00
-1.205150e+00
-1.522059e-01
-5.605110e-01
-7.767937e-01
-6.471309e-01
-1.564403e+00
2.456212e-01
4.326470e-01
4.787508e-01
1.748442e+00
-3.158717e-01
-4.717915e-01
-7.407529e-01
1.320328e+00
1.495681e-01
-1.848859e-01
-1.108265e+00
-9.714511e-01
1.266186e+00
-1.490687e+00
-5.135475e-01
-1.623177e+00
-1.251933e-01
4.930686e-03
-1.229143e+00
-9.017410e-01
8.690132e-01
-1.317263e+00
-1.394320e+00
1.650733e+00
4.824692e-01
1.254882e-01
-2.031758e-01
-1.194753e-01
-1.389522e-01
6.223472e-01
-4.589466e-01
7.751968e-01
-8.066664e-02
-1.964106e+00
1.299391e+00
4.705820e-01
1.166885e+00
3.839181e-01
-5.253453e-01
1.900714e-01
-1.607186e-01
-2.373710e-01
2.091689e+00
-4.698919e-01
1.773955e+00
-7.991486e-01
-7.589568e-01
7.144570e-01
-1.061630e+00
2.314583e+00
-6.170160e-02
-1.362699e+00
-1.384866e-01
9.797478e-01
-1.198101e+00
3.304617e-01
-5.543523e-02
3.075232e-01
-2.697767e+00
-1.022822e+00
-2.075318e+00
9.520990e-01
-2.097356e+00
6.912591e-01
-6.943538e-01
-9.394137e-01
-4.795196e-01
2.442609e-01
-3.879216e-01
-7.175739e-01
1.145571e+00
-6.010923e-02
3.845493e-01
-1.025679e+00
-3.956167e-01
-1.025943e-01
3.156780e-01
-2.485600e-01
1.126128e+00
-8.998427e-02
-1.743187e+00
-1.867106e-01
-1.150222e+00
8.109451e-01
-9.637386e-02
-1.072059e+00
-1.076270e+00
-4.632274e-01
8.336757e-01
-5.273689e-01
-8.524978e-01
1.788592e-01
-1.043015e+00
1.382849e+00
4.657229e-01
-2.015702e-01
7.898561e-01
-1.016258e-01
2.778083e-02
1.197787e+00
5.470612e-02
-1.730359e+00
6.396461e-01
7.141743e-01
-1.673038e-01
-1.201474e-01
-1.192357e+00
-1.390885e+00
-2.823002e-01
1.020231e+00
-6.875936e-01
-3.835356e-01
3.614381e-01
1.199478e+00
-2.970719e-01
-9.947151e-01
9.579698e-01
3.893301e-01
3.968642e-01
-1.012789e+00
1.639238e-01
-7.129070e-01
1.158869e+00
-5.685562e-01
5.774231e-01
3.051033e-01
-1.496645e+00
8.113121e-01
9.919488e-02
-7.355817e-01
1.211877e+00
-9.578084e-01
2.770138e+00
3.303972e-01
-2.529254e+00
4.484025e-01
-8.453378e-01
6.183235e-01
-2.315805e-01
1.234011e+00
2.123260e-01
-2.154211e-01
-3.274568e-01
6.680574e-01
9.446252e-01
-1.168301e+00
-6.018877e-02
-1.559646e+00
2.911386e-01
-3.029066e-01
9.968942e-01
-3.260666e-01
-7.401223e-01
-8.078892e-01
-5.197958e-01
7.782962e-01
4.149300e-01
-4.802752e-02
-1.457277e+00
-1.242299e-01
-1.544839e+00
7.870284e-01
-4.273232e-01
3.864058e-01
1.339152e+00
3.096528e-01
-7.191342e-01
5.267778e-01
-5.766221e-01
2.289107e-01
-1.329512e-01
1.003407e+00
-5.293545e-01
1.652037e+00
-5.535497e-01
4.979533e-01
1.358535e-01
-3.403703e-01
1.089668e-01
-8.814799e-01
6.423469e-01
2.147488e-01
9.904753e-02
-9.660617e-01
-2.081581e+00
-8.406850e-01
2.139455e-01
3.100866e-01
-1.517830e+00
6.199099e-01
-4.732637e-01
-1.858610e-01
1.103474e+00
6.743457e-01
7.026983e-01
3.540025e-01
-8.423993e-01
3.698937e-01
3.349698e-01
2.052982e-01
-1.473109e-01
-1.175421e+00
1.887737e+00
8.921564e-01
-3.506802e-01
-1.501790e+00
1.152412e+00
1.430999e+00
5.905780e-01
-9.783378e-02
9.073911e-01
-1.638389e-01
1.711613e+00
9.205883e-01
4.248117e-01
3.831502e-01
8.437329e-01
-1.639289e-01
9.887924e-01
-1.945912e-01
1.086107e+00
-9.884430e-01
6.125778e-02
4.792964e-01
6.084246e-01
8.039508e-02
-5.847214e-01
1.511562e-01
-5.305578e-01
-4.976594e-01
5.122928e-01
-7.413856e-01
3.407243e-01
2.569146e-01
-8.723260e-01
-6.557996e-01
-6.693646e-01
5.676962e-01
2.215417e+00
6.740259e-01
-4.236111e-01
-5.972263e-01
-2.289412e+00
3.144519e-01
-1.435588e+00
-1.386159e+00
1.445212e+00
-3.093426e-01
-1.422946e+00
-1.044049e-01
-9.708239e-01
7.558751e-01
2.734921e-01
1.749393e-01
-2.936159e-01
1.207593e+00
-6.373856e-01
2.165528e+00
3.614146e+00
-7.831304e-01
-2.682294e-01
-7.220908e-02
1.888631e+00
-2.873400e+00
-2.395010e+00
-1.752468e-01
-1.057396e+00
2.204518e-01
1.631335e+00
9.430213e-01
7.336320e-01
-5.791708e-01
-1.824531e+00
4.459306e-01
2.051380e+00
1.159074e+00
-6.531376e-01
-2.478962e-01
5.852707e-01
-2.769365e-01
-1.380334e-01
8.188316e-01
-1.575509e+00
-2.562506e-01
1.071456e+00
1.115206e+00
2.647704e-01
-4.733132e-01
1.717236e-01
2.928983e-02
1.700861e+00
-2.010074e-01
-2.937574e-01
6.683994e-01
7.090779e-01
-8.101564e-02
-7.254340e-01
5.982637e-01
-1.666010e-01
8.756150e-01
-1.063514e+00
-2.266904e-01
2.363112e-01
2.401685e-01
-1.420143e+00
-7.139358e-01
1.081710e+00
9.111628e-01
2.339890e+00
-2.075137e-01
-1.000300e+00
1.758452e+00
-1.323795e+00
-3.456038e-02
5.243020e-01
8.070369e-01
1.903193e+00
-2.133922e-01
4.816716e-01
-1.297486e+00
6.536890e-01
-1.720939e+00
-8.750839e-01
-3.943908e-01
-7.181990e-02
3.226499e-01
1.527431e+00
6.189283e-01
-3.058133e-01
-1.422063e+00
4.509482e-01
-2.333189e+00
-7.187694e-01
2.295792e-01
1.818809e+00
3.722629e-01
-8.608485e-02
2.309961e-01
-4.176751e-01
-2.639595e+00
-6.939229e-01
2.250105e-01
1.852733e+00
-2.566788e-01
2.794134e+00
4.154218e-01
-5.411771e-01
4.379754e-01
5.737923e-01
4.991283e-01
3.786943e-02
1.353751e+00
5.488635e-01
3.214379e-02
1.552955e+00
8.860023e-02
4.491065e-01
-2.423884e-01
-7.989850e-01
-1.205726e+00
-6.105322e-02
2.011284e-01
4.842795e-01
3.084908e+00
-5.127484e-01
-1.178618e+00
-3.326774e-01
-8.094959e-01
-2.093971e-01
8.975319e-01
-1.074807e-02
-3.313532e-02
-2.196369e-01
8.679205e-01
1.123722e+00
-1.086927e+00
-8.969139e-01
-9.067143e-02
-3.294754e-01
1.253285e+00
-9.942515e-01
-8.769646e-01
2.880858e-01
4.807538e-01
-2.704874e-01
-4.667830e-01
-1.066811e+00
-9.799513e-01
2.057745e+00
1.068397e-01
1.927784e+00
-1.371734e+00
-3.803048e-02
5.216919e-01
-1.461428e+00
-4.592561e-01
8.983817e-02
1.204301e+00
1.359231e+00
-3.619610e-01
-1.359585e+00
-1.313848e+00
-8.214552e-01
6.715621e-01
-1.062837e-01
-8.972152e-02
1.985876e+00
-5.955002e-01
3.169085e-01
-1.733466e-01
2.565319e-02
-2.025283e-01
2.107837e+00
1.150542e-01
-1.486318e+00
-1.642356e+00
-8.751620e-01
-1.795415e+00
2.834330e-02
2.303452e-01
2.211649e-01
1.723211e-01
9.229797e-01
1.606189e+00
5.566001e-01
-5.864198e-01
-3.898680e-01
1.142909e+00
-5.607901e-01
9.211196e-01
1.682728e+00
-3.676650e-01
-1.822271e-01
-1.743672e+00
1.058458e+00
2.078302e-02
6.770664e-01
-6.408085e-01
-2.860732e-02
6.037493e-01
-1.157917e+00
-1.228758e+00
-1.051329e+00
-1.201842e+00
1.196936e+00
2.022722e+00
1.573330e-01
5.149652e-01
6.629626e-01
1.639008e+00
2.920694e-01
-2.543474e-01
1.018706e+00
-1.682649e-01
5.173832e-01
-1.083195e-01
-2.479070e-01
1.047638e+00
-1.615788e+00
-6.083265e-01
4.930978e-01
1.351733e+00
3.669826e-01
2.105042e+00
1.085270e+00
5.600814e-01
4.330321e-01
-4.085999e-01
4.030401e-01
1.469531e+00
6.278135e-01
9.036004e-01
-9.511637e-01
1.301714e+00
-1.013632e+00
-7.444959e-01
-9.775051e-01
-8.483816e-01
6.109203e-01
7.447117e-01
1.221244e+00
9.622494e-01
1.564976e+00
7.177835e-01
-9.810524e-01
-1.042658e+00
-4.098906e-01
-1.637963e+00
-3.577872e-01
-8.226294e-01
-1.100498e+00
3.765162e-01
1.143805e-01
-5.654077e-02
1.819706e+00
-1.632251e+00
8.535953e-03
8.988796e-01
-1.787111e-01
-1.559138e-01
3.829587e-01
-6.180528e-01
-1.702571e+00
-3.502102e-01
-1.250680e-01
-3.168772e-01
-1.132858e-01
-1.563556e+00
-5.296789e-01
9.031659e-01
-5.929733e-01
-2.632684e+00
-2.469656e-01
-8.900704e-01
4.518426e-01
-1.696566e-01
2.449519e-01
9.646515e-01
-4.671285e-01
-7.809210e-01
-8.039143e-01
-2.127324e-01
3.980388e-01
-1.945469e-01
8.231713e-01
-1.454397e+00
1.172625e+00
-3.956019e-01
4.117372e-01
-6.850169e-01
2.768757e-02
2.286645e+00
-1.216372e-01
5.920200e-01
-1.181919e+00
3.181611e-01
-5.406343e-01
-6.661075e-01
-2.691128e-01
1.963263e-01
7.992131e-01
-1.093462e+00
7.095732e-01
1.308937e+00
6.580389e-01
-8.812953e-01
-1.668524e-01
-1.289396e+00
-6.395689e-03
-2.565475e-01
-1.504389e-01
-5.007003e-01
1.891101e-01
2.295261e-02
-1.784295e+00
1.252773e+00
8.514499e-01
-1.214527e+00
-1.407754e+00
-2.155277e-01
1.392643e+00
-2.153830e-01
-4.342149e-01
-1.011189e+00
8.817299e-01
-1.049519e-01
-3.205752e+00
5.765232e-01
5.469375e-01
-1.072438e+00
2.822187e-01
-2.924578e-01
-3.680358e-01
-4.026805e-01
-9.620667e-02
3.288291e+00
1.994650e+00
-6.873569e-01
-3.716908e-01
-3.712195e-01
8.283042e-01
2.280331e+00
1.957436e+00
-2.988699e-02
5.270595e-01
3.917626e-01
-5.112761e-01
1.183344e+00
-1.298544e+00
4.710754e-01
1.080680e+00
-2.534435e+00
5.337916e-01
-4.085580e-01
6.924124e-01
4.226363e-01
-7.220630e-01
-1.849386e+00
1.056480e+00
-9.288584e-01
-1.838086e+00
1.488881e-01
-1.794338e+00
-9.184320e-01
-5.990945e-01
-5.830601e-02
-1.516449e+00
-1.411887e+00
-2.124864e+00
-9.838597e-01
1.153262e+00
3.561902e-01
1.853252e+00
-2.102848e-01
3.324526e-01
1.474411e+00
-5.678615e-01
3.375791e-01
-3.004469e-01
1.797510e-01
1.160363e+00
-5.823710e-01
-5.992484e-01
1.005477e+00
-7.806699e-01
-1.094605e+00
1.267651e+00
-1.432016e+00
-1.420396e-01
-7.674839e-01
-4.160244e-01
8.624153e-01
3.037623e-01
8.726842e-01
5.902041e-01
-2.026894e+00
9.592555e-01
1.152769e+00
1.728439e+00
1.718470e-01
2.043629e+00
7.163036e-01
2.514032e-01
-1.796681e+00
2.195202e+00
-1.423359e+00
-1.238397e+00
-3.265209e-01
8.693276e-01
5.803048e-01
6.682765e-01
7.789504e-01
3.522275e-01
-1.788160e+00
-7.431033e-01
4.046834e-01
-2.191680e+00
-4.044497e-01
-3.278092e-01
2.220718e+00
-9.566333e-01
-2.580014e-01
-8.432122e-01
8.072056e-01
2.322067e+00
-3.596717e-01
-8.312970e-01
-3.097690e-01
1.380341e-01
6.997381e-01
-1.615025e+00
-1.372472e-01
7.344260e-01
-1.001062e+00
1.126186e-01
2.721388e-01
3.063176e-01
-6.611403e-02
7.352224e-01
4.266339e-01
1.340115e+00
-8.970980e-01
2.301371e+00
-9.089480e-01
1.072254e+00
2.545303e-01
-6.623798e-01
7.826132e-01
-2.335550e-01
-4.295351e-01
-6.535917e-01
-9.365087e-01
-7.458198e-01
-1.514483e-01
-2.325743e+00
-1.201130e+00
-1.571942e+00
-1.905287e+00
-1.134020e+00
-1.050417e+00
-1.945058e-01
-1.872098e+00
7.031748e-01
1.919313e+00
2.607137e-01
-2.207100e-01
-6.433432e-02
1.853258e-01
-6.993875e-02
8.923160e-01
-4.290192e-01
1.142864e+00
-5.710378e-01
3.870216e-01
-9.167919e-01
-1.696080e+00
6.550209e-01
-1.444788e+00
-4.830723e-01
-5.157435e-02
1.261878e+00
8.819010e-01
1.745329e-01
-1.528817e+00
1.028714e+00
-2.292394e+00
9.048073e-01
1.844343e+00
-1.249678e+00
1.451617e+00
-1.131692e+00
-6.459572e-01
-1.123722e+00
-2.327938e-01
5.210163e-03
-4.703852e-01
7.184186e-01
-4.037721e-01
6.778143e-02
2.836803e-01
-2.806799e-01
1.073868e+00
1.218659e+00
-3.781880e-01
-1.721850e+00
-1.148859e+00
-7.538784e-01
4.056256e-01
-4.705266e-01
2.750772e-01
-6.865805e-02
-1.774570e+00
6.381477e-01
1.188796e+00
4.205633e-01
-2.487129e+00
1.819301e-01
1.227611e+00
-1.561796e-02
1.391828e+00
3.467924e-01
-4.966284e-01
-3.041827e-01
-1.246397e+00
2.723002e-01
5.780801e-02
-2.509741e-01
-8.613633e-02
1.542937e+00
8.543909e-01
4.789632e-01
6.868893e-01
-2.810874e+00
-9.433929e-01
8.696507e-01
-3.222124e-01
6.367414e-01
1.506419e+00
-6.884570e-01
-5.537162e-01
5.018401e-02
1.281729e+00
8.816073e-01
-2.025211e-02
7.153384e-01
1.505694e-02
5.648467e-01
6.273360e-01
2.365272e-01
-3.510138e-01
-3.913062e-01
-5.690862e-01
5.252374e-01
-1.474195e+00
-2.185264e-02
4.660989e-01
-4.896895e-01
7.200215e-01
5.090955e-01
-7.171564e-01
8.121804e-03
-1.733415e-02
3.214369e-02
-5.356234e-01
2.857024e-02
6.027734e-02
1.200950e+00
1.402182e+00
1.424003e+00
8.037710e-01
1.515589e+00
-4.091271e-01
9.018406e-01
2.808117e-01
1.284749e-01
-9.939734e-01
-8.022155e-01
-6.208043e-02
1.479999e+00
8.177984e-01
-1.728887e-01
-2.187655e-03
5.334102e-01
1.645234e+00
-6.526801e-01
1.742532e-01
1.155734e+00
-1.007807e-01
-8.064234e-02
-2.262599e-01
-7.172943e-01
3.941207e-02
-4.273227e-01
2.277894e+00
2.205224e-01
2.286881e-01
-3.296080e-01
8.696188e-01
-1.016419e+00
2.966755e+00
8.257828e-02
8.703542e-02
-3.543726e-01
-1.339293e+00
7.638799e-01
4.579453e-01
9.837257e-01
4.754575e-01
1.468825e+00
1.051701e-01
1.429132e-01
-5.247307e-01
-9.289114e-02
-3.518394e-01
-2.175818e+00
-7.435383e-01
-1.261007e+00
-2.824179e-01
-3.919675e-01
8.495009e-02
-1.200968e-01
9.894211e-01
-3.920354e-01
-1.983860e+00
6.301396e-01
-6.324395e-01
1.002185e-01
-3.040568e-01
-9.029254e-01
1.034999e+00
2.059086e+00
2.230861e+00
-6.608952e-01
2.099313e+00
1.236353e+00
-1.449003e-01
6.759772e-01
3.906644e-01
1.263963e+00
8.444459e-01
-2.069899e-01
-2.181501e+00
2.326986e-01
-4.913042e-01
5.153755e-02
-4.095459e-01
1.102784e+00
1.510049e+00
7.147653e-01
7.434844e-01
7.722110e-01
5.893339e-01
1.010705e+00
-4.898814e-01
1.048016e+00
-3.529499e-02
6.205665e-01
-8.828213e-01
-1.446597e+00
1.115712e+00
2.294143e-01
-3.062329e-01
-1.520986e-02
1.224290e+00
-1.071907e+00
1.419435e+00
9.159815e-03
-5.794179e-02
9.430959e-01
-1.890968e+00
-4.425990e-01
8.869001e-01
3.735655e-01
2.226283e-01
8.011059e-01
1.674904e+00
1.502514e+00
-6.394672e-01
1.208849e+00
2.580381e+00
1.629758e+00
1.603776e-01
-3.925311e-01
1.105113e+00
4.844763e-01
-4.011808e-01
-9.200891e-01
-7.252795e-01
1.685091e+00
2.661797e-01
-4.196443e-01
-8.923218e-01
1.211223e+00
1.544825e-01
-6.344005e-02
7.466229e-01
2.314974e+00
-8.438394e-01
3.964356e-02
-6.238800e-01
-3.021837e+00
-1.424199e+00
1.359218e+00
-5.169374e-01
-9.450718e-01
-2.765766e+00
-9.995627e-01
-6.964944e-01
-8.616328e-01
-1.814885e+00
6.753689e-01
-1.204865e-01
-5.024200e-02
8.163555e-01
-1.717788e+00
7.636221e-01
-1.254648e-01
-2.074118e+00
5.504668e-01
3.588952e-01
6.206390e-02
-9.671029e-01
-1.222628e+00
-1.500547e-02
-4.657782e-01
-5.371949e-01
-4.848792e-01
6.261502e-01
1.510353e-01
-2.801776e-02
-1.517484e+00
1.717024e+00
4.160052e-01
-6.035219e-02
9.125678e-03
7.117116e-01
-2.424059e-01
1.998768e+00
-4.754861e-01
-5.680625e-02
1.495036e+00
1.240532e-02
3.222278e-01
-9.519634e-01
-1.496458e+00
-9.656396e-01
2.198163e-01
-8.994683e-01
8.778493e-01
4.426316e-01
1.208191e+00
2.717638e-01
4.196386e-01
-2.356964e-01
8.817526e-01
2.325220e+00
1.212547e-01
-7.714476e-01
-6.101925e-01
-2.182450e-01
1.521370e-01
-8.930144e-01
1.225716e+00
-2.860432e+00
-1.832919e+00
-6.560630e-01
8.456630e-01
-8.202652e-01
-7.983826e-01
2.921122e-01
-8.704562e-02
-7.936818e-01
-3.967026e-01
8.419517e-01
-3.026318e-01
2.735584e+00
-3.127379e-04
1.513740e+00
-1.454832e+00
-2.113922e-01
3.702547e-01
-2.202271e+00
-8.923605e-01
7.541530e-01
-1.107159e+00
3.364341e-01
1.101354e+00
7.852337e-01
8.499503e-01
8.019872e-01
6.126065e-01
3.834244e-01
1.123228e-01
1.144258e+00
-1.518109e+00
-1.818457e+00
7.873222e-01
1.887457e+00
-3.074387e-01
9.161544e-01
-2.374057e-01
-1.889579e+00
-7.030322e-01
-2.310399e-01
-1.043285e+00
-7.063684e-01
1.232931e+00
-3.913004e-01
-3.074454e-01
-7.893248e-01
-1.950180e-01
-3.765878e-01
-1.204364e+00
3.059764e-01
3.090132e+00
-9.598360e-02
1.595898e+00
1.022633e+00
1.905640e-02
-3.717544e-01
-6.617800e-02
-5.559977e-01
1.343386e+00
1.169324e+00
1.331700e+00
5.283321e-01
3.587226e-01
-9.365417e-01
6.488546e-01
-1.961017e+00
-4.175233e-01
-8.489056e-01
8.460256e-01
-1.891298e-01
5.835375e-01
-3.407106e-01
2.806239e-01
1.149535e+00
-1.172489e-01
-2.319207e-01
1.023597e+00
-6.458163e-01
-1.041850e+00
-9.074085e-01
7.636638e-02
3.416702e-01
2.878918e-01
-6.110320e-01
5.616953e-01
4.480658e-01
8.031178e-01
-8.414579e-01
9.702440e-01
-1.588300e+00
-9.179347e-01
7.163040e-01
-9.465061e-02
-1.182859e+00
-1.850559e+00
1.343690e+00
-4.837945e-01
6.627889e-01
3.974122e-01
-1.907340e-01
1.106773e+00
5.860761e-01
-7.360071e-01
-1.658781e+00
1.563460e+00
-2.059060e-01
1.499863e+00
1.211073e+00
-1.761988e-02
1.278748e+00
-1.140128e+00
-2.802120e-01
5.836602e-01
-4.660021e-01
-1.100915e+00
1.031920e+00
-1.402722e+00
6.811726e-01
1.494774e-01
1.112990e+00
-5.420713e-01
7.305613e-01
-4.659903e-01
3.295702e-01
-2.674230e-01
-5.691985e-01
1.458910e+00
-8.217070e-01
1.507300e+00
6.275614e-01
5.931726e-03
-1.432434e+00
-1.957323e-01
3.756075e-02
-4.014770e-01
1.894975e+00
1.269204e+00
-1.578850e+00
9.144822e-01
-8.095927e-01
-2.002491e-01
6.405212e-01
-3.544352e-01
-2.422816e-02
-4.296867e-01
2.137603e-01
6.619592e-01
-5.744484e-01
1.647155e-01
2.996756e-01
-1.234449e+00
1.855920e-01
-1.395833e-01
1.183678e+00
-7.117103e-01
-2.602757e-01
1.150584e+00
-1.793016e+00
-3.423185e-01
2.049594e+00
-4.587235e-01
2.187925e+00
1.418303e+00
-2.623376e+00
5.276684e-01
6.997232e-01
5.508504e-01
6.912657e-01
1.052441e+00
-2.027504e+00
-8.708344e-01
1.208220e+00
-7.742445e-02
8.159896e-01
2.021382e+00
-4.214159e-01
8.403158e-01
-2.760510e+00
-1.576682e+00
5.436813e-01
-2.026456e+00
-2.404623e-01
5.281925e-01
1.193928e+00
-9.688296e-01
-1.042152e+00
4.523238e-01
-8.621751e-01
2.840746e-01
-9.117149e-01
-7.942232e-01
-2.529593e+00
-9.168340e-01
-2.182414e+00
8.738599e-01
-6.086671e-01
1.232304e+00
-1.047025e+00
3.693600e-02
-6.674585e-01
3.591935e-01
3.168745e-01
-1.259135e+00
-3.275992e+00
-5.412600e-01
-3.819417e-01
3.589885e-01
1.750907e+00
-1.007382e+00
3.909180e-01
6.883108e-01
-1.446558e+00
2.255586e-01
3.136720e-01
-3.099498e-02
3.567884e-01
1.498132e-01
-7.643147e-01
9.537998e-01
1.961074e+00
1.030595e-01
1.983938e-01
1.137621e+00
-1.062424e-01
-4.066357e-01
-6.935520e-02
-5.864225e-01
-5.355052e-01
5.508793e-01
1.796398e-01
-4.128466e-01
-1.446328e-01
-9.389448e-01
-4.670096e-01
7.926795e-02
-4.449109e-02
-1.254262e+00
-1.668786e+00
2.130130e-01
5.776847e-01
-8.075062e-01
-1.412642e-01
-1.204987e+00
5.206679e-01
4.260863e-01
-6.358018e-02
1.041742e+00
-5.378658e-01
-1.002504e+00
-1.017341e-01
-1.730447e-01
-3.312485e-02
5.074570e-01
9.216964e-01
2.007205e+00
2.152903e-01
-2.794009e-01
-1.043014e+00
-3.676705e-01
1.874432e+00
-1.172432e+00
9.642494e-01
-5.345941e-01
-4.878617e-01
5.035457e-02
4.669973e-01
-3.655188e-01
-7.974309e-01
-1.660515e+00
-1.647962e+00
4.185242e-01
1.464062e+00
-1.658387e+00
-8.247685e-01
1.091873e+00
8.905292e-01
6.738254e-03
3.284941e-01
1.600659e-01
2.022173e+00
2.057630e-01
1.139135e-01
-3.684223e-01
-1.699352e+00
5.954042e-01
-1.221330e-01
9.610375e-01
-2.703940e+00
1.036490e+00
1.123969e+00
-2.296221e+00
1.429730e+00
-7.647213e-01
-5.201284e-01
5.113321e-01
-1.185423e+00
6.848185e-01
7.128853e-01
-4.111899e-01
3.408330e-02
-6.897215e-01
-3.034413e-01
1.739233e+00
6.791664e-01
-2.715558e-01
9.354627e-01
1.544439e+00
-3.638775e-03
1.416751e-03
5.218915e-01
3.636264e-01
1.948305e+00
6.275798e-01
4.346223e-01
5.018445e-01
5.165417e-01
-8.712653e-01
1.559872e+00
-1.197275e+00
-1.286819e+00
-1.118194e+00
-1.345722e-01
1.087545e+00
-1.788457e-02
-7.614117e-01
-9.207975e-01
-5.170473e-02
9.445895e-01
-1.236000e+00
2.886072e-03
-1.179112e+00
-2.522383e-01
-9.533293e-01
2.758574e-01
-8.611033e-03
-4.959690e-01
-9.191272e-01
-7.073328e-01
9.581246e-01
-8.691891e-01
-9.118237e-01
3.895678e-02
4.349075e-01
-1.667605e-01
2.813351e-01
2.821515e-01
1.356224e+00
-2.302520e+00
7.746136e-01
2.111362e-01
1.705562e-01
1.142114e+00
-6.650302e-01
-5.940779e-01
-2.090082e+00
9.734087e-02
1.666005e+00
2.953510e-01
2.532367e-01
4.102292e-01
-2.081184e+00
7.281757e-01
-1.671287e+00
-5.126078e-01
4.199652e-01
-3.403157e-01
2.466470e-01
-2.109451e+00
1.804925e+00
-1.289218e-01
4.762973e-01
-5.183585e-01
4.463197e-01
-4.870331e-01
-5.798434e-01
-2.482838e-01
1.447069e+00
-1.052293e+00
-1.044433e+00
-1.198252e-01
-3.842081e-01
-1.231475e+00
-8.920242e-02
3.494717e-01
