7.715000e+02
7.916250e+02
8.090000e+02
7.565000e+02
6.835000e+02
9.376250e+02
1.255250e+03
1.180000e+03
1.168875e+03
1.160500e+03
1.079000e+03
1.021500e+03
9.916250e+02
9.873750e+02
9.876250e+02
9.723750e+02
9.648750e+02
9.738750e+02
9.672500e+02
9.707500e+02
9.908750e+02
9.825000e+02
9.758750e+02
9.755000e+02
9.862500e+02
9.975000e+02
9.993750e+02
1.005000e+03
1.039125e+03
1.127750e+03
1.036750e+03
8.063750e+02
817
8.093750e+02
8.073750e+02
8.127500e+02
8.031250e+02
775
3.565000e+02
6.368750e+02
1.147500e+03
1.073625e+03
1.061875e+03
1.050500e+03
1.049750e+03
1.030500e+03
1.048500e+03
1.117750e+03
7.930000e+02
7.881250e+02
7.961250e+02
7.188750e+02
7.217500e+02
9.606250e+02
1.264125e+03
1.182125e+03
1.178250e+03
1.168750e+03
1.085875e+03
1.026375e+03
9.998750e+02
9.851250e+02
9.832500e+02
9.767500e+02
9.688750e+02
9.716250e+02
9.752500e+02
9.768750e+02
9.801250e+02
9.868750e+02
9.760000e+02
9.711250e+02
9.833750e+02
9.977500e+02
1.003125e+03
1.002125e+03
1.025750e+03
1.096625e+03
1.145500e+03
8.780000e+02
7.685000e+02
7.625000e+02
7.745000e+02
7.952500e+02
8.202500e+02
8.286250e+02
6.011250e+02
3.296250e+02
1.000250e+03
1.102125e+03
1.062875e+03
1.059875e+03
1.034500e+03
9.995000e+02
1.280500e+03
1.600750e+03
7.888750e+02
7.735000e+02
7.532500e+02
7.263750e+02
7.615000e+02
9.586250e+02
1.269000e+03
1.180250e+03
1.185250e+03
1.167375e+03
1.089500e+03
1.035375e+03
1.002375e+03
9.997500e+02
9.935000e+02
9.853750e+02
9.802500e+02
9.848750e+02
9.766250e+02
1.011750e+03
1.007500e+03
1.009875e+03
1.001750e+03
9.866250e+02
9.888750e+02
1.006750e+03
1.015375e+03
1.011500e+03
1.018750e+03
1.083375e+03
1.148750e+03
9.407500e+02
7.715000e+02
7.707500e+02
7.698750e+02
7.962500e+02
8.133750e+02
8.287500e+02
8.358750e+02
3.887500e+02
5.055000e+02
1.131250e+03
1.069000e+03
1.059750e+03
1.005875e+03
1.298375e+03
1.613250e+03
1.583750e+03
7.700000e+02
7.412500e+02
7.197500e+02
7.491250e+02
7.608750e+02
9.641250e+02
1.276250e+03
1.188750e+03
1.187750e+03
1.176000e+03
1.091250e+03
1.050875e+03
1.021250e+03
1.013250e+03
1.002375e+03
9.976250e+02
9.946250e+02
9.943750e+02
9.953750e+02
1.018875e+03
1.036500e+03
1.043750e+03
1.036500e+03
1.001125e+03
9.971250e+02
1.008875e+03
1.014125e+03
1.018250e+03
1.018000e+03
1.078750e+03
1.130375e+03
9.717500e+02
8.245000e+02
7.885000e+02
7.891250e+02
8.006250e+02
7.978750e+02
8.162500e+02
8.611250e+02
6.928750e+02
2.793750e+02
8.425000e+02
1.116625e+03
1.039000e+03
1.309125e+03
1.601000e+03
1.570875e+03
1.588500e+03
7.577500e+02
7.198750e+02
8.292500e+02
7.686250e+02
7.525000e+02
9.606250e+02
1.284375e+03
1.192625e+03
1.180500e+03
1.163750e+03
1.084875e+03
1.041250e+03
1.019625e+03
1.010250e+03
9.938750e+02
1.001125e+03
9.850000e+02
9.985000e+02
9.556250e+02
9.277500e+02
8.242500e+02
7.467500e+02
7.857500e+02
8.988750e+02
1.037250e+03
1.017000e+03
1.004500e+03
1.012625e+03
1.029250e+03
1.084500e+03
1.135500e+03
9.940000e+02
8.806250e+02
8.290000e+02
8.148750e+02
8.156250e+02
8.201250e+02
8.641250e+02
8.936250e+02
8.882500e+02
4.292500e+02
377
1.079625e+03
1.333875e+03
1.621625e+03
1.569000e+03
1.586125e+03
1.612500e+03
7.206250e+02
8.093750e+02
9.930000e+02
7.488750e+02
7.312500e+02
9.538750e+02
1.314250e+03
1.221125e+03
1.201500e+03
1.164000e+03
1.082500e+03
1.046375e+03
1.029625e+03
1.008125e+03
9.990000e+02
9.852500e+02
9.927500e+02
9.972500e+02
9.443750e+02
8.680000e+02
7.676250e+02
6.837500e+02
6.268750e+02
5.543750e+02
5.765000e+02
9.287500e+02
1.054000e+03
1.044500e+03
1.058375e+03
1.110500e+03
1.162625e+03
9.802500e+02
8.790000e+02
8.647500e+02
8.338750e+02
8.598750e+02
8.707500e+02
8.885000e+02
9.103750e+02
9.048750e+02
7.782500e+02
2.678750e+02
8.883750e+02
1.626250e+03
1.583750e+03
1.585375e+03
1.596500e+03
1.599250e+03
7.066250e+02
1.058875e+03
1.104125e+03
7.330000e+02
7.322500e+02
9.657500e+02
1.352625e+03
1.247625e+03
1.211125e+03
1.190625e+03
1.118250e+03
1.088500e+03
1.046750e+03
1.027500e+03
9.996250e+02
1.097875e+03
1.063125e+03
1.016000e+03
9.925000e+02
9.607500e+02
8.422500e+02
6.932500e+02
6.012500e+02
5.572500e+02
5.065000e+02
5.002500e+02
7.742500e+02
1.150875e+03
1.116875e+03
1.143125e+03
1.177875e+03
9.758750e+02
8.360000e+02
8.892500e+02
9.212500e+02
8.728750e+02
8.851250e+02
8.871250e+02
8.990000e+02
8.800000e+02
8.686250e+02
7.013750e+02
1.497250e+03
1.602250e+03
1.578875e+03
1.588250e+03
1.589375e+03
1.592250e+03
8.512500e+02
1.283125e+03
1.094000e+03
7.320000e+02
7.276250e+02
9.792500e+02
1.345250e+03
1.233000e+03
1.210500e+03
1.193375e+03
1.120875e+03
1.083375e+03
1.050875e+03
1.027125e+03
1.063250e+03
1.108625e+03
1.070625e+03
1.042875e+03
9.903750e+02
9.642500e+02
8.975000e+02
7.188750e+02
5.842500e+02
5.480000e+02
5.447500e+02
4.645000e+02
3.947500e+02
4.406250e+02
1.193125e+03
1.199750e+03
1.209625e+03
9.723750e+02
8.058750e+02
8.712500e+02
1.167125e+03
9.382500e+02
8.667500e+02
8.783750e+02
8.823750e+02
8.710000e+02
8.561250e+02
1.492125e+03
1.614125e+03
1.581750e+03
1.594625e+03
1.596375e+03
1.515875e+03
1.121875e+03
1.146375e+03
1.294375e+03
1.095625e+03
7.470000e+02
7.260000e+02
9.875000e+02
1.335000e+03
1.235500e+03
1.203250e+03
1.191875e+03
1.125250e+03
1.074500e+03
1.043250e+03
1.081625e+03
1.127500e+03
1.086625e+03
1.102500e+03
1.031250e+03
9.613750e+02
9.226250e+02
9.026250e+02
7.338750e+02
6.747500e+02
5.505000e+02
4.017500e+02
4.287500e+02
4.013750e+02
3.513750e+02
6.285000e+02
1.311125e+03
1.259750e+03
9.853750e+02
8.072500e+02
8.515000e+02
1.342625e+03
1.215500e+03
8.743750e+02
8.836250e+02
8.828750e+02
8.547500e+02
1.279625e+03
1.609625e+03
1.565125e+03
1.596875e+03
1.597875e+03
1.502125e+03
1.154125e+03
8.716250e+02
1.293000e+03
1.276625e+03
1.104250e+03
7.610000e+02
7.325000e+02
9.827500e+02
1.339625e+03
1.237375e+03
1.211500e+03
1.192375e+03
1.120375e+03
1076
1.027750e+03
1133
1.117125e+03
1.097000e+03
1.050625e+03
9.756250e+02
9.441250e+02
9.408750e+02
9.557500e+02
7.881250e+02
5.431250e+02
4.766250e+02
4.768750e+02
4.471250e+02
4.188750e+02
3.958750e+02
3.542500e+02
6.421250e+02
1.351375e+03
9.951250e+02
8.090000e+02
8.430000e+02
1.332000e+03
1.526250e+03
1.010875e+03
8.821250e+02
8.777500e+02
1.018000e+03
1.622000e+03
1.561375e+03
1.589875e+03
1.582000e+03
1.582625e+03
1.252125e+03
9.010000e+02
7.716250e+02
1.279875e+03
1.292250e+03
1.113625e+03
7.676250e+02
7.402500e+02
9.763750e+02
1.345500e+03
1.253750e+03
1.215250e+03
1.192375e+03
1.123625e+03
1.103875e+03
9.421250e+02
1.153250e+03
1.118375e+03
1.072875e+03
9.998750e+02
9.542500e+02
9.556250e+02
1.034500e+03
8.001250e+02
5.723750e+02
5.657500e+02
5.366250e+02
4.865000e+02
4.373750e+02
4.372500e+02
4.293750e+02
3.997500e+02
3.206250e+02
9.662500e+02
1.037750e+03
8.183750e+02
8.396250e+02
1.306125e+03
1.624875e+03
1.266000e+03
6.228750e+02
6.747500e+02
1.496875e+03
1.586250e+03
1.561750e+03
1.579625e+03
1.581750e+03
1.424250e+03
9.237500e+02
8.173750e+02
7.716250e+02
1.279625e+03
1.266500e+03
1.126625e+03
7.615000e+02
7.298750e+02
9.883750e+02
1.377250e+03
1.256000e+03
1.219250e+03
1.196500e+03
1.140250e+03
9.346250e+02
1.010625e+03
1.155750e+03
1.103250e+03
1.039250e+03
1.027000e+03
1.001625e+03
1.041875e+03
7.686250e+02
6.766250e+02
6.441250e+02
5.853750e+02
5.508750e+02
533
5.015000e+02
4.608750e+02
4.495000e+02
4.205000e+02
4.060000e+02
4.482500e+02
1.054250e+03
8.056250e+02
8.417500e+02
1.372375e+03
1.260875e+03
5.267500e+02
3.498750e+02
2.702500e+02
1.447250e+03
1.570625e+03
1.587000e+03
1.590125e+03
1.542000e+03
9.618750e+02
8.393750e+02
7.775000e+02
7.953750e+02
1.225500e+03
1.220375e+03
1.096500e+03
7.606250e+02
7.082500e+02
9.598750e+02
1.341125e+03
1.235375e+03
1.192375e+03
1.180250e+03
1.125250e+03
7.870000e+02
1.092000e+03
1.177625e+03
1.105625e+03
1.057875e+03
1.032625e+03
1.033125e+03
8.287500e+02
7.862500e+02
6.812500e+02
6.320000e+02
6.086250e+02
6.380000e+02
5.916250e+02
5.185000e+02
4.931250e+02
5.383750e+02
4.971250e+02
4.401250e+02
4.392500e+02
5.590000e+02
8.218750e+02
8.581250e+02
8.071250e+02
4.723750e+02
3.976250e+02
4.241250e+02
3.077500e+02
1.414625e+03
1.579375e+03
1.606000e+03
1.596875e+03
1.202625e+03
8.515000e+02
7.845000e+02
8.030000e+02
8.135000e+02
1.210125e+03
1.215750e+03
1.064625e+03
7.441250e+02
6.667500e+02
9.383750e+02
1.332125e+03
1.237625e+03
1.199625e+03
1.202625e+03
1.169750e+03
7.356250e+02
1.044250e+03
1.171625e+03
1.128500e+03
1.061625e+03
1.040750e+03
8.818750e+02
9.056250e+02
8.063750e+02
7.201250e+02
6.951250e+02
6.957500e+02
6.541250e+02
6.515000e+02
5.977500e+02
6.050000e+02
5.778750e+02
5.370000e+02
5.525000e+02
5.506250e+02
5.565000e+02
6.372500e+02
5.022500e+02
4.543750e+02
4.383750e+02
4.360000e+02
4.251250e+02
3.222500e+02
1.547000e+03
1.586500e+03
1.602250e+03
1.417875e+03
8.933750e+02
796
7.916250e+02
8.078750e+02
8.237500e+02
1.225625e+03
1.228250e+03
1.081875e+03
7.257500e+02
6.671250e+02
9.325000e+02
1.327750e+03
1.228750e+03
1.211875e+03
1.205250e+03
1.198625e+03
6.521250e+02
8.826250e+02
1.104500e+03
1.146000e+03
1.064500e+03
9.243750e+02
9.701250e+02
8.696250e+02
8.693750e+02
7.791250e+02
7.280000e+02
7.142500e+02
6.922500e+02
7.161250e+02
6.941250e+02
6.392500e+02
5.982500e+02
6.362500e+02
6.753750e+02
6.611250e+02
5.543750e+02
4.983750e+02
4.598750e+02
4.692500e+02
4.465000e+02
5.312500e+02
6.393750e+02
7.200000e+02
1.611375e+03
1.602125e+03
1.569125e+03
1.058500e+03
8.337500e+02
777
7.875000e+02
7.985000e+02
8.013750e+02
1.234375e+03
1.237000e+03
1.060000e+03
7.268750e+02
6.743750e+02
9.201250e+02
1.332750e+03
1.232500e+03
1.220375e+03
1.212625e+03
1.243000e+03
5.705000e+02
7.913750e+02
1.025375e+03
1.126125e+03
9.621250e+02
1.009375e+03
9.207500e+02
9.426250e+02
8.752500e+02
8.246250e+02
8.033750e+02
8.330000e+02
8.011250e+02
7.727500e+02
7.427500e+02
7.310000e+02
7.375000e+02
7.526250e+02
6.465000e+02
5.403750e+02
5.063750e+02
5.036250e+02
4.757500e+02
4.443750e+02
4.181250e+02
7.476250e+02
8.193750e+02
1.172125e+03
1.595500e+03
1.590875e+03
1.328375e+03
8.668750e+02
7.901250e+02
8.005000e+02
7.975000e+02
8.057500e+02
8.082500e+02
1.222375e+03
1.211250e+03
1.028000e+03
7.200000e+02
6.650000e+02
9.100000e+02
1.348125e+03
1.240125e+03
1.214750e+03
1.211125e+03
1.263125e+03
4.775000e+02
7.093750e+02
9.085000e+02
1.060000e+03
1.053375e+03
9.476250e+02
1.004625e+03
9.600000e+02
9.227500e+02
1.035375e+03
1.204125e+03
1.032125e+03
1.026500e+03
1.087250e+03
1.117000e+03
1.265375e+03
9.547500e+02
6.390000e+02
5.092500e+02
5.083750e+02
5.075000e+02
4.602500e+02
4.332500e+02
4.416250e+02
7.853750e+02
1.175000e+03
7.142500e+02
1.590000e+03
1.603500e+03
1.569625e+03
1.011375e+03
8.255000e+02
7.851250e+02
8.076250e+02
8.125000e+02
8.183750e+02
8.273750e+02
1.193375e+03
1.204875e+03
1.014625e+03
7.143750e+02
6.666250e+02
9.052500e+02
1.347750e+03
1.239875e+03
1.212125e+03
1.209375e+03
1.244500e+03
6.517500e+02
6.496250e+02
9.653750e+02
1.109500e+03
9.867500e+02
1.029750e+03
9.943750e+02
9.735000e+02
1.053125e+03
1.189500e+03
1.364125e+03
1.346125e+03
1.332125e+03
1.384000e+03
1.577375e+03
1.223250e+03
6.878750e+02
5.171250e+02
5.342500e+02
5.208750e+02
5.042500e+02
4.945000e+02
7.598750e+02
1.207500e+03
1.079125e+03
7.672500e+02
1.405250e+03
1.592875e+03
1.584875e+03
1.406875e+03
8.686250e+02
7.640000e+02
7.770000e+02
7.935000e+02
8.165000e+02
8.211250e+02
8.327500e+02
1.176750e+03
1.195875e+03
1.038500e+03
7.232500e+02
6.752500e+02
8.978750e+02
1.354875e+03
1.251750e+03
1.219875e+03
1.221500e+03
1.198250e+03
8.943750e+02
5.477500e+02
8.981250e+02
1.031125e+03
1.054500e+03
1.035875e+03
1.015000e+03
1.128000e+03
1.374375e+03
1.482250e+03
1.571750e+03
1.414750e+03
1.360875e+03
1.508000e+03
1.080750e+03
6.465000e+02
5.975000e+02
616
5.933750e+02
5.362500e+02
7.611250e+02
1.175000e+03
1.045875e+03
7.557500e+02
6.963750e+02
1.414625e+03
1.573125e+03
1.590875e+03
1.583250e+03
1.111000e+03
8.076250e+02
7.376250e+02
7.630000e+02
7.863750e+02
8.048750e+02
8.180000e+02
8.388750e+02
1.161625e+03
1.202500e+03
1.089375e+03
7.256250e+02
6.588750e+02
8.851250e+02
1.365625e+03
1.258875e+03
1.227125e+03
1.209500e+03
1.158375e+03
1.184375e+03
5.238750e+02
8.317500e+02
1.069375e+03
1.050250e+03
1.053875e+03
1.156500e+03
1.391500e+03
1.472750e+03
1.489750e+03
1.554250e+03
1.537000e+03
1.490125e+03
1.194875e+03
7.405000e+02
5.771250e+02
640
6.598750e+02
5.918750e+02
5.388750e+02
8.628750e+02
1.307625e+03
1.083375e+03
8.666250e+02
1.503875e+03
1.580125e+03
1.560000e+03
1.603000e+03
1.481500e+03
1.020000e+03
7.375000e+02
7.508750e+02
7.568750e+02
7.690000e+02
7.862500e+02
8.053750e+02
8.373750e+02
1.177500e+03
1.208000e+03
1.131125e+03
7.380000e+02
6.588750e+02
8.758750e+02
1.358250e+03
1.250875e+03
1.209750e+03
1.205875e+03
1.138750e+03
1.149250e+03
5.700000e+02
9.721250e+02
1.084375e+03
1.045250e+03
1.185625e+03
1.451750e+03
1.584625e+03
1.443000e+03
1.521375e+03
1.425500e+03
1.632750e+03
1.213000e+03
9.108750e+02
6.035000e+02
7.142500e+02
6.838750e+02
6.572500e+02
4.833750e+02
4.635000e+02
5.868750e+02
1.427625e+03
1.238875e+03
1.181875e+03
1.613000e+03
1.540375e+03
1.558125e+03
1.607125e+03
1.239875e+03
9.335000e+02
7.756250e+02
7.530000e+02
7.648750e+02
7.627500e+02
7.847500e+02
7.943750e+02
8.322500e+02
1.183250e+03
1.216125e+03
1.131375e+03
7.370000e+02
6.540000e+02
8.715000e+02
1.340750e+03
1.235750e+03
1.192250e+03
1.197625e+03
1.077000e+03
1.083375e+03
8.255000e+02
1.071625e+03
1.038000e+03
1.231500e+03
1.529125e+03
1.539625e+03
1.567125e+03
1.559750e+03
1.447375e+03
1.455625e+03
1.204125e+03
7.226250e+02
7.652500e+02
623
7.523750e+02
7.315000e+02
5.595000e+02
4.592500e+02
4.090000e+02
4.222500e+02
1.260875e+03
1.483875e+03
1.148375e+03
1.569125e+03
1.522500e+03
1.586750e+03
1.569375e+03
1.012750e+03
7.958750e+02
8.328750e+02
8.480000e+02
8.351250e+02
8.098750e+02
8.011250e+02
8.180000e+02
8.403750e+02
1.196625e+03
1.223875e+03
1.140500e+03
7.373750e+02
6.467500e+02
8.741250e+02
1.338375e+03
1.235250e+03
1.190375e+03
1.179500e+03
1.100125e+03
1.067125e+03
1.064000e+03
1.020250e+03
1.089250e+03
1.533375e+03
1.533875e+03
1.505250e+03
1.571375e+03
1.518250e+03
1.534125e+03
1.360500e+03
7.871250e+02
6.698750e+02
6.781250e+02
8.325000e+02
7.535000e+02
6.572500e+02
5.828750e+02
4.911250e+02
4.370000e+02
3.875000e+02
1.053125e+03
1.596500e+03
1.144625e+03
1.545250e+03
1.522375e+03
1.582750e+03
1.387875e+03
9.146250e+02
7.628750e+02
7.692500e+02
7.608750e+02
8.278750e+02
8.760000e+02
9.060000e+02
8.903750e+02
8.681250e+02
1.051000e+03
1.057750e+03
1.007500e+03
6.443750e+02
5.592500e+02
755
1.171500e+03
1.079250e+03
1.044875e+03
1042
9.723750e+02
8.001250e+02
1.170000e+03
9.768750e+02
1.231375e+03
1.273375e+03
1312
1.336750e+03
1.392375e+03
1.298750e+03
1.320500e+03
7.655000e+02
5.491250e+02
5.772500e+02
9.573750e+02
1.063500e+03
1.200250e+03
8.883750e+02
6.738750e+02
533
5.876250e+02
9.267500e+02
1.264250e+03
1.582625e+03
1.099250e+03
1.525625e+03
1.555125e+03
1.575250e+03
1.177000e+03
8.573750e+02
7.923750e+02
8.056250e+02
7.918750e+02
8.093750e+02
8.245000e+02
8.362500e+02
8.935000e+02
9.671250e+02
0
0
0
0
0
0
0
0
0
0
0
0
0
0
0
0
0
0
0
0
0
0
0
0
1.519500e+03
1.288500e+03
1.363000e+03
9.950000e+02
7.888750e+02
5.001250e+02
1.274625e+03
1.341375e+03
1.530625e+03
1.581625e+03
1.087500e+03
1.479000e+03
1.582250e+03
1.575250e+03
9.777500e+02
8.027500e+02
8.193750e+02
8.212500e+02
8.203750e+02
8.275000e+02
8.420000e+02
8.585000e+02
9.202500e+02
9.701250e+02
0
0
0
0
0
0
0
0
0
0
0
0
0
0
0
0
0
0
0
0
0
0
0
0
1.193250e+03
7.420000e+02
8.681250e+02
1.044750e+03
7.995000e+02
6.341250e+02
1.175000e+03
9.915000e+02
1.539875e+03
1.562375e+03
1.108125e+03
1.435625e+03
1.584375e+03
1.405625e+03
8.965000e+02
8.107500e+02
8.350000e+02
8.267500e+02
8.327500e+02
8.520000e+02
8.972500e+02
9.466250e+02
9.358750e+02
7.582500e+02
0
0
0
0
0
0
0
0
0
0
0
0
0
0
0
0
0
0
0
0
0
0
0
0
8.782500e+02
8.587500e+02
8.170000e+02
9.706250e+02
8.511250e+02
4.758750e+02
8.907500e+02
1.140250e+03
1.343250e+03
1.534250e+03
1.081250e+03
1.494500e+03
1.591250e+03
1.205125e+03
8.610000e+02
8.301250e+02
8.502500e+02
8.522500e+02
8.635000e+02
9.022500e+02
9.628750e+02
7.398750e+02
5.428750e+02
5.336250e+02
0
0
0
0
0
0
0
0
0
0
0
0
0
0
0
0
0
0
0
0
0
0
0
0
6.562500e+02
6.713750e+02
7.830000e+02
9.162500e+02
9.057500e+02
4.331250e+02
7.831250e+02
9.658750e+02
1.261875e+03
1.520125e+03
1.150125e+03
1.458750e+03
1.585250e+03
1.036875e+03
8.078750e+02
8.345000e+02
8.552500e+02
8.742500e+02
9.023750e+02
9.660000e+02
7.266250e+02
4.806250e+02
5.016250e+02
4.883750e+02
0
0
0
0
0
0
0
0
0
0
0
0
0
0
0
0
0
0
0
0
0
0
0
0
6.900000e+02
6.936250e+02
8.356250e+02
9.547500e+02
9.462500e+02
4.527500e+02
8.021250e+02
9.505000e+02
1.366375e+03
1.500125e+03
1.244875e+03
1.338250e+03
1.472250e+03
8.956250e+02
7.948750e+02
8.367500e+02
8.722500e+02
8.978750e+02
9.333750e+02
8.915000e+02
499
4.857500e+02
4.232500e+02
4.177500e+02
0
0
0
0
0
0
0
0
0
0
0
0
0
0
0
0
0
0
0
0
0
0
0
0
7.962500e+02
7.618750e+02
9.140000e+02
9.730000e+02
9.747500e+02
4.636250e+02
8.171250e+02
9.852500e+02
1.535875e+03
1.486625e+03
1.314125e+03
1.245375e+03
1.305250e+03
8.460000e+02
8.263750e+02
8.482500e+02
8.672500e+02
8.956250e+02
9.650000e+02
6.225000e+02
4.841250e+02
4.152500e+02
3.933750e+02
3.928750e+02
0
0
0
0
0
0
0
0
0
0
0
0
0
0
0
0
0
0
0
0
0
0
0
0
8.348750e+02
7.962500e+02
8.931250e+02
1.056375e+03
1.043125e+03
6.852500e+02
8.722500e+02
1.184500e+03
1.611125e+03
1.460750e+03
1.446250e+03
1.113750e+03
1.091125e+03
8.221250e+02
8.430000e+02
8.600000e+02
8.798750e+02
9.125000e+02
9.195000e+02
4.951250e+02
4.331250e+02
3.923750e+02
3.755000e+02
3.813750e+02
0
0
0
0
0
0
0
0
0
0
0
0
0
0
0
0
0
0
0
0
0
0
0
0
8.665000e+02
8.220000e+02
8.307500e+02
8.457500e+02
6.020000e+02
5.927500e+02
9.112500e+02
1.466750e+03
1.572750e+03
1.413000e+03
1.554125e+03
1.017875e+03
9.258750e+02
8.210000e+02
8.588750e+02
8.770000e+02
8.925000e+02
9.216250e+02
8.400000e+02
4.637500e+02
3.843750e+02
3.886250e+02
3.686250e+02
3.638750e+02
0
0
0
0
0
0
0
0
0
0
0
0
0
0
0
0
0
0
0
0
0
0
0
0
9.206250e+02
1.022750e+03
9.651250e+02
9.612500e+02
7.958750e+02
8.925000e+02
1.111375e+03
1.605000e+03
1.541375e+03
1.425625e+03
1.581375e+03
9.817500e+02
8.693750e+02
8.238750e+02
8.685000e+02
8.788750e+02
8.993750e+02
9.382500e+02
7.973750e+02
3.976250e+02
373
3.742500e+02
3.498750e+02
3.487500e+02
0
0
0
0
0
0
0
0
0
0
0
0
0
0
0
0
0
0
0
0
0
0
0
0
8.887500e+02
9.842500e+02
9.955000e+02
8.690000e+02
7.947500e+02
9.193750e+02
1.461625e+03
1.598375e+03
1.524875e+03
1.402000e+03
1.512125e+03
9.868750e+02
8.373750e+02
8.221250e+02
8.451250e+02
8.708750e+02
8.980000e+02
9.513750e+02
7.197500e+02
3.438750e+02
3.558750e+02
3.456250e+02
3.526250e+02
3.715000e+02
0
0
0
0
0
0
0
0
0
0
0
0
0
0
0
0
0
0
0
0
0
0
0
0
9.355000e+02
9.271250e+02
9.298750e+02
8.945000e+02
8.735000e+02
1.161000e+03
1.618125e+03
1.551750e+03
1.495000e+03
1.392875e+03
1.466000e+03
9.642500e+02
8.311250e+02
8.215000e+02
8.328750e+02
8.551250e+02
9.070000e+02
9.952500e+02
6.868750e+02
3.138750e+02
3.275000e+02
3.495000e+02
3.726250e+02
3.745000e+02
0
0
0
0
0
0
0
0
0
0
0
0
0
0
0
0
0
0
0
0
0
0
0
0
9.965000e+02
8.938750e+02
7.705000e+02
7.248750e+02
8.145000e+02
1.442000e+03
1.589250e+03
1.542375e+03
1.461625e+03
1.357375e+03
1.429250e+03
9.716250e+02
8.605000e+02
8.473750e+02
8.567500e+02
8.708750e+02
9.370000e+02
1.024375e+03
5.846250e+02
3.212500e+02
3.377500e+02
3.551250e+02
4.166250e+02
6.406250e+02
0
0
0
0
0
0
0
0
0
0
0
0
0
0
0
0
0
0
0
0
0
0
0
0
1.052875e+03
9.543750e+02
8.273750e+02
7.980000e+02
7.527500e+02
1.113250e+03
1.517000e+03
1.578375e+03
1.458500e+03
1.337125e+03
1.393375e+03
9.928750e+02
1.089500e+03
1.053125e+03
1.007125e+03
9.497500e+02
9.668750e+02
1.070250e+03
4.432500e+02
3.585000e+02
3.753750e+02
5.621250e+02
1.286250e+03
1.532500e+03
0
0
0
0
0
0
0
0
0
0
0
0
0
0
0
0
0
0
0
0
0
0
0
0
9.927500e+02
9.258750e+02
9.111250e+02
8.350000e+02
5.903750e+02
4.796250e+02
5.305000e+02
1.108250e+03
1.516875e+03
1.385750e+03
1.429500e+03
9.321250e+02
9.506250e+02
1.027625e+03
1.119375e+03
1.201625e+03
1.203625e+03
1.202250e+03
4.572500e+02
3.793750e+02
5.348750e+02
1.301375e+03
1.457125e+03
1.332125e+03
0
0
0
0
0
0
0
0
0
0
0
0
0
0
0
0
0
0
0
0
0
0
0
0
9.630000e+02
9.117500e+02
8.986250e+02
7.761250e+02
6.527500e+02
5.657500e+02
4.677500e+02
3.832500e+02
8.735000e+02
1.504375e+03
1.484375e+03
8.710000e+02
8.888750e+02
9.248750e+02
9.681250e+02
1.049375e+03
1.094625e+03
1.020125e+03
3.796250e+02
3.872500e+02
1.177875e+03
1.334250e+03
1.252500e+03
1.282500e+03
0
0
0
0
0
0
0
0
0
0
0
0
0
0
0
0
0
0
0
0
0
0
0
0
9.390000e+02
9.138750e+02
8.782500e+02
8.066250e+02
7.217500e+02
6.253750e+02
5.121250e+02
4.125000e+02
3.296250e+02
1.193500e+03
1.516000e+03
8.798750e+02
8.918750e+02
9.203750e+02
9.477500e+02
1.003375e+03
1.005000e+03
6.875000e+02
3.307500e+02
5.785000e+02
1.312125e+03
1.215750e+03
1.223750e+03
1.226000e+03
0
0
0
0
0
0
0
0
0
0
0
0
0
0
0
0
0
0
0
0
0
0
0
0
9.276250e+02
9.301250e+02
8.858750e+02
8.352500e+02
7.542500e+02
6.598750e+02
545
4.261250e+02
3.518750e+02
6.047500e+02
1.471250e+03
8.727500e+02
8.871250e+02
9.251250e+02
9.785000e+02
1.042375e+03
6.840000e+02
3.760000e+02
3.316250e+02
9.435000e+02
1.249750e+03
1.160750e+03
1.254625e+03
1.229875e+03
0
0
0
0
0
0
0
0
0
0
0
0
0
0
0
0
0
0
0
0
0
0
0
0
9.116250e+02
9.336250e+02
9.063750e+02
8.605000e+02
7.916250e+02
7.048750e+02
5.682500e+02
4.558750e+02
3.811250e+02
3.422500e+02
1.268000e+03
8.821250e+02
9.128750e+02
9.418750e+02
9.745000e+02
1.043875e+03
4.905000e+02
3.543750e+02
4.941250e+02
1.108750e+03
1.198625e+03
1.226000e+03
1.224500e+03
1.304500e+03
0
0
0
0
0
0
0
0
0
0
0
0
0
0
0
0
0
0
0
0
0
0
0
0
9.010000e+02
9.278750e+02
9.245000e+02
8.763750e+02
8.175000e+02
7.443750e+02
6.246250e+02
4.951250e+02
4.027500e+02
3.536250e+02
8.610000e+02
9.661250e+02
9.286250e+02
9.208750e+02
9.650000e+02
9.686250e+02
7.370000e+02
3.710000e+02
7.246250e+02
1.176750e+03
1.261000e+03
1.264750e+03
1.271125e+03
1.297000e+03
0
0
0
0
0
0
0
0
0
0
0
0
0
0
0
0
0
0
0
0
0
0
0
0
8.906250e+02
9.052500e+02
9.272500e+02
8.937500e+02
8.446250e+02
7.773750e+02
6.783750e+02
5.402500e+02
4.186250e+02
3.563750e+02
6.207500e+02
1.338125e+03
1.280625e+03
1.178500e+03
1.074500e+03
8.675000e+02
8.525000e+02
3.577500e+02
1.013250e+03
1.302625e+03
1.320875e+03
1.258625e+03
1.264125e+03
1.422250e+03
0
0
0
0
0
0
0
0
0
0
0
0
0
0
0
0
0
0
0
0
0
0
0
0
8.956250e+02
8.925000e+02
9.212500e+02
9.136250e+02
8.777500e+02
8.120000e+02
7.268750e+02
5.962500e+02
4.591250e+02
3.790000e+02
3.896250e+02
1.262000e+03
1.254375e+03
1.425250e+03
1.602125e+03
8.941250e+02
5.786250e+02
6.301250e+02
1.421500e+03
1.377250e+03
1.251125e+03
1.327750e+03
1.252125e+03
1.501500e+03
0
0
0
0
0
0
0
0
0
0
0
0
0
0
0
0
0
0
0
0
0
0
0
0
8.991250e+02
8.795000e+02
8.921250e+02
9.097500e+02
8.977500e+02
8.448750e+02
7.663750e+02
6.683750e+02
5.213750e+02
4.091250e+02
3.530000e+02
1.075500e+03
1.209125e+03
1.275000e+03
1.378250e+03
8.533750e+02
7.230000e+02
1.371000e+03
1.431875e+03
1.270500e+03
1.392500e+03
1.250125e+03
1.308500e+03
1.479875e+03
0
0
0
0
0
0
0
0
0
0
0
0
0
0
0
0
0
0
0
0
0
0
0
0
9.033750e+02
8.825000e+02
8.772500e+02
8.892500e+02
8.886250e+02
8.612500e+02
7.988750e+02
7.020000e+02
5.816250e+02
4.636250e+02
3.747500e+02
8.616250e+02
1.265375e+03
1.181750e+03
1.135125e+03
1.111625e+03
1.244750e+03
1.320000e+03
1.312750e+03
1.369625e+03
1.352750e+03
1.163625e+03
1.419875e+03
1.546625e+03
0
0
0
0
0
0
0
0
0
0
0
0
0
0
0
0
0
0
0
0
0
0
0
0
9.121250e+02
8.918750e+02
8.710000e+02
8.602500e+02
8.560000e+02
8.430000e+02
7.977500e+02
7.291250e+02
6.290000e+02
5.071250e+02
4.155000e+02
6.062500e+02
1.305250e+03
1.183500e+03
1.048500e+03
1.074500e+03
1.058375e+03
1.282375e+03
1.347375e+03
1.367375e+03
1.105000e+03
1.319625e+03
1.556000e+03
1.384250e+03
