0
0
0
0
0
0
0
0
0
0
0
0
0
0
0
0
0
0
0
0
0
0
0
0
9.862500e+02
9.975000e+02
9.993750e+02
1.005000e+03
1.039125e+03
1.127750e+03
1.036750e+03
8.063750e+02
817
8.093750e+02
8.073750e+02
8.127500e+02
8.031250e+02
775
3.565000e+02
6.368750e+02
1.147500e+03
1.073625e+03
1.061875e+03
1.050500e+03
1.049750e+03
1.030500e+03
1.048500e+03
1.117750e+03
0
0
0
0
0
0
0
0
0
0
0
0
0
0
0
0
0
0
0
0
0
0
0
0
9.833750e+02
9.977500e+02
1.003125e+03
1.002125e+03
1.025750e+03
1.096625e+03
1.145500e+03
8.780000e+02
7.685000e+02
7.625000e+02
7.745000e+02
7.952500e+02
8.202500e+02
8.286250e+02
6.011250e+02
3.296250e+02
1.000250e+03
1.102125e+03
1.062875e+03
1.059875e+03
1.034500e+03
9.995000e+02
1.280500e+03
1.600750e+03
0
0
0
0
0
0
0
0
0
0
0
0
0
0
0
0
0
0
0
0
0
0
0
0
9.888750e+02
1.006750e+03
1.015375e+03
1.011500e+03
1.018750e+03
1.083375e+03
1.148750e+03
9.407500e+02
7.715000e+02
7.707500e+02
7.698750e+02
7.962500e+02
8.133750e+02
8.287500e+02
8.358750e+02
3.887500e+02
5.055000e+02
1.131250e+03
1.069000e+03
1.059750e+03
1.005875e+03
1.298375e+03
1.613250e+03
1.583750e+03
0
0
0
0
0
0
0
0
0
0
0
0
0
0
0
0
0
0
0
0
0
0
0
0
9.971250e+02
1.008875e+03
1.014125e+03
1.018250e+03
1.018000e+03
1.078750e+03
1.130375e+03
9.717500e+02
8.245000e+02
7.885000e+02
7.891250e+02
8.006250e+02
7.978750e+02
8.162500e+02
8.611250e+02
6.928750e+02
2.793750e+02
8.425000e+02
1.116625e+03
1.039000e+03
1.309125e+03
1.601000e+03
1.570875e+03
1.588500e+03
0
0
0
0
0
0
0
0
0
0
0
0
0
0
0
0
0
0
0
0
0
0
0
0
1.037250e+03
1.017000e+03
1.004500e+03
1.012625e+03
1.029250e+03
1.084500e+03
1.135500e+03
9.940000e+02
8.806250e+02
8.290000e+02
8.148750e+02
8.156250e+02
8.201250e+02
8.641250e+02
8.936250e+02
8.882500e+02
4.292500e+02
377
1.079625e+03
1.333875e+03
1.621625e+03
1.569000e+03
1.586125e+03
1.612500e+03
0
0
0
0
0
0
0
0
0
0
0
0
0
0
0
0
0
0
0
0
0
0
0
0
5.765000e+02
9.287500e+02
1.054000e+03
1.044500e+03
1.058375e+03
1.110500e+03
1.162625e+03
9.802500e+02
8.790000e+02
8.647500e+02
8.338750e+02
8.598750e+02
8.707500e+02
8.885000e+02
9.103750e+02
9.048750e+02
7.782500e+02
2.678750e+02
8.883750e+02
1.626250e+03
1.583750e+03
1.585375e+03
1.596500e+03
1.599250e+03
0
0
0
0
0
0
0
0
0
0
0
0
0
0
0
0
0
0
0
0
0
0
0
0
5.065000e+02
5.002500e+02
7.742500e+02
1.150875e+03
1.116875e+03
1.143125e+03
1.177875e+03
9.758750e+02
8.360000e+02
8.892500e+02
9.212500e+02
8.728750e+02
8.851250e+02
8.871250e+02
8.990000e+02
8.800000e+02
8.686250e+02
7.013750e+02
1.497250e+03
1.602250e+03
1.578875e+03
1.588250e+03
1.589375e+03
1.592250e+03
0
0
0
0
0
0
0
0
0
0
0
0
0
0
0
0
0
0
0
0
0
0
0
0
5.447500e+02
4.645000e+02
3.947500e+02
4.406250e+02
1.193125e+03
1.199750e+03
1.209625e+03
9.723750e+02
8.058750e+02
8.712500e+02
1.167125e+03
9.382500e+02
8.667500e+02
8.783750e+02
8.823750e+02
8.710000e+02
8.561250e+02
1.492125e+03
1.614125e+03
1.581750e+03
1.594625e+03
1.596375e+03
1.515875e+03
1.121875e+03
0
0
0
0
0
0
0
0
0
0
0
0
0
0
0
0
0
0
0
0
0
0
0
0
4.017500e+02
4.287500e+02
4.013750e+02
3.513750e+02
6.285000e+02
1.311125e+03
1.259750e+03
9.853750e+02
8.072500e+02
8.515000e+02
1.342625e+03
1.215500e+03
8.743750e+02
8.836250e+02
8.828750e+02
8.547500e+02
1.279625e+03
1.609625e+03
1.565125e+03
1.596875e+03
1.597875e+03
1.502125e+03
1.154125e+03
8.716250e+02
0
0
0
0
0
0
0
0
0
0
0
0
0
0
0
0
0
0
0
0
0
0
0
0
4.768750e+02
4.471250e+02
4.188750e+02
3.958750e+02
3.542500e+02
6.421250e+02
1.351375e+03
9.951250e+02
8.090000e+02
8.430000e+02
1.332000e+03
1.526250e+03
1.010875e+03
8.821250e+02
8.777500e+02
1.018000e+03
1.622000e+03
1.561375e+03
1.589875e+03
1.582000e+03
1.582625e+03
1.252125e+03
9.010000e+02
7.716250e+02
0
0
0
0
0
0
0
0
0
0
0
0
0
0
0
0
0
0
0
0
0
0
0
0
4.865000e+02
4.373750e+02
4.372500e+02
4.293750e+02
3.997500e+02
3.206250e+02
9.662500e+02
1.037750e+03
8.183750e+02
8.396250e+02
1.306125e+03
1.624875e+03
1.266000e+03
6.228750e+02
6.747500e+02
1.496875e+03
1.586250e+03
1.561750e+03
1.579625e+03
1.581750e+03
1.424250e+03
9.237500e+02
8.173750e+02
7.716250e+02
0
0
0
0
0
0
0
0
0
0
0
0
0
0
0
0
0
0
0
0
0
0
0
0
533
5.015000e+02
4.608750e+02
4.495000e+02
4.205000e+02
4.060000e+02
4.482500e+02
1.054250e+03
8.056250e+02
8.417500e+02
1.372375e+03
1.260875e+03
5.267500e+02
3.498750e+02
2.702500e+02
1.447250e+03
1.570625e+03
1.587000e+03
1.590125e+03
1.542000e+03
9.618750e+02
8.393750e+02
7.775000e+02
7.953750e+02
0
0
0
0
0
0
0
0
0
0
0
0
0
0
0
0
0
0
0
0
0
0
0
0
5.916250e+02
5.185000e+02
4.931250e+02
5.383750e+02
4.971250e+02
4.401250e+02
4.392500e+02
5.590000e+02
8.218750e+02
8.581250e+02
8.071250e+02
4.723750e+02
3.976250e+02
4.241250e+02
3.077500e+02
1.414625e+03
1.579375e+03
1.606000e+03
1.596875e+03
1.202625e+03
8.515000e+02
7.845000e+02
8.030000e+02
8.135000e+02
0
0
0
0
0
0
0
0
0
0
0
0
0
0
0
0
0
0
0
0
0
0
0
0
6.515000e+02
5.977500e+02
6.050000e+02
5.778750e+02
5.370000e+02
5.525000e+02
5.506250e+02
5.565000e+02
6.372500e+02
5.022500e+02
4.543750e+02
4.383750e+02
4.360000e+02
4.251250e+02
3.222500e+02
1.547000e+03
1.586500e+03
1.602250e+03
1.417875e+03
8.933750e+02
796
7.916250e+02
8.078750e+02
8.237500e+02
0
0
0
0
0
0
0
0
0
0
0
0
0
0
0
0
0
0
0
0
0
0
0
0
7.161250e+02
6.941250e+02
6.392500e+02
5.982500e+02
6.362500e+02
6.753750e+02
6.611250e+02
5.543750e+02
4.983750e+02
4.598750e+02
4.692500e+02
4.465000e+02
5.312500e+02
6.393750e+02
7.200000e+02
1.611375e+03
1.602125e+03
1.569125e+03
1.058500e+03
8.337500e+02
777
7.875000e+02
7.985000e+02
8.013750e+02
0
0
0
0
0
0
0
0
0
0
0
0
0
0
0
0
0
0
0
0
0
0
0
0
7.727500e+02
7.427500e+02
7.310000e+02
7.375000e+02
7.526250e+02
6.465000e+02
5.403750e+02
5.063750e+02
5.036250e+02
4.757500e+02
4.443750e+02
4.181250e+02
7.476250e+02
8.193750e+02
1.172125e+03
1.595500e+03
1.590875e+03
1.328375e+03
8.668750e+02
7.901250e+02
8.005000e+02
7.975000e+02
8.057500e+02
8.082500e+02
0
0
0
0
0
0
0
0
0
0
0
0
0
0
0
0
0
0
0
0
0
0
0
0
1.087250e+03
1.117000e+03
1.265375e+03
9.547500e+02
6.390000e+02
5.092500e+02
5.083750e+02
5.075000e+02
4.602500e+02
4.332500e+02
4.416250e+02
7.853750e+02
1.175000e+03
7.142500e+02
1.590000e+03
1.603500e+03
1.569625e+03
1.011375e+03
8.255000e+02
7.851250e+02
8.076250e+02
8.125000e+02
8.183750e+02
8.273750e+02
0
0
0
0
0
0
0
0
0
0
0
0
0
0
0
0
0
0
0
0
0
0
0
0
1.384000e+03
1.577375e+03
1.223250e+03
6.878750e+02
5.171250e+02
5.342500e+02
5.208750e+02
5.042500e+02
4.945000e+02
7.598750e+02
1.207500e+03
1.079125e+03
7.672500e+02
1.405250e+03
1.592875e+03
1.584875e+03
1.406875e+03
8.686250e+02
7.640000e+02
7.770000e+02
7.935000e+02
8.165000e+02
8.211250e+02
8.327500e+02
0
0
0
0
0
0
0
0
0
0
0
0
0
0
0
0
0
0
0
0
0
0
0
0
1.508000e+03
1.080750e+03
6.465000e+02
5.975000e+02
616
5.933750e+02
5.362500e+02
7.611250e+02
1.175000e+03
1.045875e+03
7.557500e+02
6.963750e+02
1.414625e+03
1.573125e+03
1.590875e+03
1.583250e+03
1.111000e+03
8.076250e+02
7.376250e+02
7.630000e+02
7.863750e+02
8.048750e+02
8.180000e+02
8.388750e+02
0
0
0
0
0
0
0
0
0
0
0
0
0
0
0
0
0
0
0
0
0
0
0
0
1.194875e+03
7.405000e+02
5.771250e+02
640
6.598750e+02
5.918750e+02
5.388750e+02
8.628750e+02
1.307625e+03
1.083375e+03
8.666250e+02
1.503875e+03
1.580125e+03
1.560000e+03
1.603000e+03
1.481500e+03
1.020000e+03
7.375000e+02
7.508750e+02
7.568750e+02
7.690000e+02
7.862500e+02
8.053750e+02
8.373750e+02
0
0
0
0
0
0
0
0
0
0
0
0
0
0
0
0
0
0
0
0
0
0
0
0
9.108750e+02
6.035000e+02
7.142500e+02
6.838750e+02
6.572500e+02
4.833750e+02
4.635000e+02
5.868750e+02
1.427625e+03
1.238875e+03
1.181875e+03
1.613000e+03
1.540375e+03
1.558125e+03
1.607125e+03
1.239875e+03
9.335000e+02
7.756250e+02
7.530000e+02
7.648750e+02
7.627500e+02
7.847500e+02
7.943750e+02
8.322500e+02
0
0
0
0
0
0
0
0
0
0
0
0
0
0
0
0
0
0
0
0
0
0
0
0
7.652500e+02
623
7.523750e+02
7.315000e+02
5.595000e+02
4.592500e+02
4.090000e+02
4.222500e+02
1.260875e+03
1.483875e+03
1.148375e+03
1.569125e+03
1.522500e+03
1.586750e+03
1.569375e+03
1.012750e+03
7.958750e+02
8.328750e+02
8.480000e+02
8.351250e+02
8.098750e+02
8.011250e+02
8.180000e+02
8.403750e+02
0
0
0
0
0
0
0
0
0
0
0
0
0
0
0
0
0
0
0
0
0
0
0
0
6.781250e+02
8.325000e+02
7.535000e+02
6.572500e+02
5.828750e+02
4.911250e+02
4.370000e+02
3.875000e+02
1.053125e+03
1.596500e+03
1.144625e+03
1.545250e+03
1.522375e+03
1.582750e+03
1.387875e+03
9.146250e+02
7.628750e+02
7.692500e+02
7.608750e+02
8.278750e+02
8.760000e+02
9.060000e+02
8.903750e+02
8.681250e+02
0
0
0
0
0
0
0
0
0
0
0
0
0
0
0
0
0
0
0
0
0
0
0
0
9.573750e+02
1.063500e+03
1.200250e+03
8.883750e+02
6.738750e+02
533
5.876250e+02
9.267500e+02
1.264250e+03
1.582625e+03
1.099250e+03
1.525625e+03
1.555125e+03
1.575250e+03
1.177000e+03
8.573750e+02
7.923750e+02
8.056250e+02
7.918750e+02
8.093750e+02
8.245000e+02
8.362500e+02
8.935000e+02
9.671250e+02
1.227125e+03
1.253625e+03
1.196375e+03
7.328750e+02
6.348750e+02
8.606250e+02
1.336375e+03
1.243000e+03
1.207250e+03
1.230625e+03
8.191250e+02
8.668750e+02
1.153375e+03
1.496250e+03
1.411000e+03
1.364250e+03
1.564375e+03
1.517750e+03
1.486000e+03
1.614000e+03
1.058875e+03
6.026250e+02
6.476250e+02
1.369250e+03
1.519500e+03
1.288500e+03
1.363000e+03
9.950000e+02
7.888750e+02
5.001250e+02
1.274625e+03
1.341375e+03
1.530625e+03
1.581625e+03
1.087500e+03
1.479000e+03
1.582250e+03
1.575250e+03
9.777500e+02
8.027500e+02
8.193750e+02
8.212500e+02
8.203750e+02
8.275000e+02
8.420000e+02
8.585000e+02
9.202500e+02
9.701250e+02
1.218750e+03
1.277250e+03
1.233750e+03
7.273750e+02
6.126250e+02
8.462500e+02
1.299750e+03
1.182500e+03
1.226250e+03
1.310125e+03
7.663750e+02
1.189250e+03
1.447625e+03
1.494875e+03
1.392250e+03
1.315500e+03
1.618125e+03
1.563375e+03
1.627750e+03
1.434875e+03
7.478750e+02
5.951250e+02
9.933750e+02
1.193000e+03
1.193250e+03
7.420000e+02
8.681250e+02
1.044750e+03
7.995000e+02
6.341250e+02
1.175000e+03
9.915000e+02
1.539875e+03
1.562375e+03
1.108125e+03
1.435625e+03
1.584375e+03
1.405625e+03
8.965000e+02
8.107500e+02
8.350000e+02
8.267500e+02
8.327500e+02
8.520000e+02
8.972500e+02
9.466250e+02
9.358750e+02
7.582500e+02
1.226625e+03
1.320625e+03
1.277125e+03
7.336250e+02
5.930000e+02
8.158750e+02
1.284500e+03
1.156625e+03
1.090250e+03
1.084000e+03
1.385125e+03
1.510125e+03
1.262375e+03
1.536750e+03
1.357250e+03
1.212000e+03
1.579625e+03
1.610250e+03
1.603625e+03
9.683750e+02
6.251250e+02
1.069000e+03
9.046250e+02
8.248750e+02
8.782500e+02
8.587500e+02
8.170000e+02
9.706250e+02
8.511250e+02
4.758750e+02
8.907500e+02
1.140250e+03
1.343250e+03
1.534250e+03
1.081250e+03
1.494500e+03
1.591250e+03
1.205125e+03
8.610000e+02
8.301250e+02
8.502500e+02
8.522500e+02
8.635000e+02
9.022500e+02
9.628750e+02
7.398750e+02
5.428750e+02
5.336250e+02
1.315750e+03
1.381000e+03
1.321500e+03
7.433750e+02
6.083750e+02
8.217500e+02
1291
1.143375e+03
1.049500e+03
1.255250e+03
1.473625e+03
1.275125e+03
1.393625e+03
1.618000e+03
1.401125e+03
1.361500e+03
1.364875e+03
1.629125e+03
1.324000e+03
6.633750e+02
1.224750e+03
1.069750e+03
9.017500e+02
7.431250e+02
6.562500e+02
6.713750e+02
7.830000e+02
9.162500e+02
9.057500e+02
4.331250e+02
7.831250e+02
9.658750e+02
1.261875e+03
1.520125e+03
1.150125e+03
1.458750e+03
1.585250e+03
1.036875e+03
8.078750e+02
8.345000e+02
8.552500e+02
8.742500e+02
9.023750e+02
9.660000e+02
7.266250e+02
4.806250e+02
5.016250e+02
4.883750e+02
1.389750e+03
1.436625e+03
1.351375e+03
7.575000e+02
6.467500e+02
8.303750e+02
1.294375e+03
1.127625e+03
1.203375e+03
1.249250e+03
1.414000e+03
1.273250e+03
1.488625e+03
1.612000e+03
1.544250e+03
1.436125e+03
1.092625e+03
1.622500e+03
9.413750e+02
9.692500e+02
1.467125e+03
1.052500e+03
9.238750e+02
8.020000e+02
6.900000e+02
6.936250e+02
8.356250e+02
9.547500e+02
9.462500e+02
4.527500e+02
8.021250e+02
9.505000e+02
1.366375e+03
1.500125e+03
1.244875e+03
1.338250e+03
1.472250e+03
8.956250e+02
7.948750e+02
8.367500e+02
8.722500e+02
8.978750e+02
9.333750e+02
8.915000e+02
499
4.857500e+02
4.232500e+02
4.177500e+02
1.376250e+03
1.456250e+03
1.393125e+03
7.611250e+02
6.430000e+02
8.218750e+02
1.302125e+03
1.113375e+03
1.287750e+03
1.315000e+03
1.369625e+03
1.243250e+03
1.455000e+03
1.602250e+03
1.439000e+03
1.237500e+03
1.428875e+03
1.299125e+03
8.456250e+02
1.612000e+03
1.387500e+03
1.077750e+03
9.476250e+02
8.513750e+02
7.962500e+02
7.618750e+02
9.140000e+02
9.730000e+02
9.747500e+02
4.636250e+02
8.171250e+02
9.852500e+02
1.535875e+03
1.486625e+03
1.314125e+03
1.245375e+03
1.305250e+03
8.460000e+02
8.263750e+02
8.482500e+02
8.672500e+02
8.956250e+02
9.650000e+02
6.225000e+02
4.841250e+02
4.152500e+02
3.933750e+02
3.928750e+02
1.361125e+03
1.422500e+03
1.281125e+03
7.568750e+02
6.443750e+02
8.088750e+02
1.288250e+03
1.176750e+03
1.359625e+03
1.382125e+03
1.337125e+03
1.305250e+03
1.217750e+03
1.460500e+03
1.588375e+03
1.410000e+03
1.481875e+03
7.546250e+02
1.349625e+03
1.620000e+03
1.310375e+03
1.066000e+03
9.626250e+02
8.787500e+02
8.348750e+02
7.962500e+02
8.931250e+02
1.056375e+03
1.043125e+03
6.852500e+02
8.722500e+02
1.184500e+03
1.611125e+03
1.460750e+03
1.446250e+03
1.113750e+03
1.091125e+03
8.221250e+02
8.430000e+02
8.600000e+02
8.798750e+02
9.125000e+02
9.195000e+02
4.951250e+02
4.331250e+02
3.923750e+02
3.755000e+02
3.813750e+02
1.397375e+03
1.429750e+03
1.169125e+03
7.461250e+02
6.503750e+02
7.928750e+02
1.317375e+03
1.133500e+03
1.374750e+03
1.376500e+03
1.515375e+03
1.314875e+03
1.161375e+03
1.346875e+03
1.488000e+03
1.060750e+03
1.007250e+03
1.173375e+03
1.582750e+03
1.558375e+03
1.279250e+03
1.053125e+03
9.691250e+02
9.056250e+02
8.665000e+02
8.220000e+02
8.307500e+02
8.457500e+02
6.020000e+02
5.927500e+02
9.112500e+02
1.466750e+03
1.572750e+03
1.413000e+03
1.554125e+03
1.017875e+03
9.258750e+02
8.210000e+02
8.588750e+02
8.770000e+02
8.925000e+02
9.216250e+02
8.400000e+02
4.637500e+02
3.843750e+02
3.886250e+02
3.686250e+02
3.638750e+02
1.477000e+03
1.461125e+03
1.185125e+03
7.360000e+02
6.330000e+02
7.860000e+02
1.270500e+03
1.116875e+03
1.421125e+03
1.498000e+03
1.450375e+03
1.351750e+03
1.347375e+03
1.302000e+03
9.946250e+02
7.837500e+02
1.157125e+03
1.566000e+03
1.577750e+03
1.517625e+03
1.378625e+03
1.103750e+03
9.723750e+02
9.152500e+02
9.206250e+02
1.022750e+03
9.651250e+02
9.612500e+02
7.958750e+02
8.925000e+02
1.111375e+03
1.605000e+03
1.541375e+03
1.425625e+03
1.581375e+03
9.817500e+02
8.693750e+02
8.238750e+02
8.685000e+02
8.788750e+02
8.993750e+02
9.382500e+02
7.973750e+02
3.976250e+02
373
3.742500e+02
3.498750e+02
3.487500e+02
1.536500e+03
1.483000e+03
1.152750e+03
7.230000e+02
6.120000e+02
7.855000e+02
1.235375e+03
1.103000e+03
1.430000e+03
1.548375e+03
1.289125e+03
1.290625e+03
1.298750e+03
1.182125e+03
8.118750e+02
9.622500e+02
1.452000e+03
1.591625e+03
1.563375e+03
1.510250e+03
1.452125e+03
1.227625e+03
1.040375e+03
9.661250e+02
8.887500e+02
9.842500e+02
9.955000e+02
8.690000e+02
7.947500e+02
9.193750e+02
1.461625e+03
1.598375e+03
1.524875e+03
1.402000e+03
1.512125e+03
9.868750e+02
8.373750e+02
8.221250e+02
8.451250e+02
8.708750e+02
8.980000e+02
9.513750e+02
7.197500e+02
3.438750e+02
3.558750e+02
3.456250e+02
3.526250e+02
3.715000e+02
1.576250e+03
1.501375e+03
1.146000e+03
7.581250e+02
6.168750e+02
7.988750e+02
1.295375e+03
1.251875e+03
1.413875e+03
1.533125e+03
1.260375e+03
1.157875e+03
1.249000e+03
1.124000e+03
7.810000e+02
1.279625e+03
1.573750e+03
1.566625e+03
1.564000e+03
1.513375e+03
1.500500e+03
1.403875e+03
1.164250e+03
1.017375e+03
9.355000e+02
9.271250e+02
9.298750e+02
8.945000e+02
8.735000e+02
1.161000e+03
1.618125e+03
1.551750e+03
1.495000e+03
1.392875e+03
1.466000e+03
9.642500e+02
8.311250e+02
8.215000e+02
8.328750e+02
8.551250e+02
9.070000e+02
9.952500e+02
6.868750e+02
3.138750e+02
3.275000e+02
3.495000e+02
3.726250e+02
3.745000e+02
1.603625e+03
1.502750e+03
1.117625e+03
7.633750e+02
6.376250e+02
7.892500e+02
1.342500e+03
1.395750e+03
1.461625e+03
1.554125e+03
1.353250e+03
1.349250e+03
1.132125e+03
1.061250e+03
1.300125e+03
1.578625e+03
1.555750e+03
1.551500e+03
1.579875e+03
1.562500e+03
1.540000e+03
1.492250e+03
1.466750e+03
1.181250e+03
9.965000e+02
8.938750e+02
7.705000e+02
7.248750e+02
8.145000e+02
1.442000e+03
1.589250e+03
1.542375e+03
1.461625e+03
1.357375e+03
1.429250e+03
9.716250e+02
8.605000e+02
8.473750e+02
8.567500e+02
8.708750e+02
9.370000e+02
1.024375e+03
5.846250e+02
3.212500e+02
3.377500e+02
3.551250e+02
4.166250e+02
6.406250e+02
1.583750e+03
1.585750e+03
1.218125e+03
7.656250e+02
6.581250e+02
8.187500e+02
1.116250e+03
1.461250e+03
1.456500e+03
1.528625e+03
1.389125e+03
1.251375e+03
1.284500e+03
1.072000e+03
1.135625e+03
1.416625e+03
1.521625e+03
1.545375e+03
1.583125e+03
1.590000e+03
1.542000e+03
1.535750e+03
1.375750e+03
1.170750e+03
1.052875e+03
9.543750e+02
8.273750e+02
7.980000e+02
7.527500e+02
1.113250e+03
1.517000e+03
1.578375e+03
1.458500e+03
1.337125e+03
1.393375e+03
9.928750e+02
1.089500e+03
1.053125e+03
1.007125e+03
9.497500e+02
9.668750e+02
1.070250e+03
4.432500e+02
3.585000e+02
3.753750e+02
5.621250e+02
1.286250e+03
1.532500e+03
1.197250e+03
1.447125e+03
1.430000e+03
8.150000e+02
6.815000e+02
7.485000e+02
1.197750e+03
1.579000e+03
1.474625e+03
1.481750e+03
1.493625e+03
1.246125e+03
1.206125e+03
1.275000e+03
1.113625e+03
1.175250e+03
1.444625e+03
1.559375e+03
1.591125e+03
1.575000e+03
1.563375e+03
1.522625e+03
1.311625e+03
1.043750e+03
9.927500e+02
9.258750e+02
9.111250e+02
8.350000e+02
5.903750e+02
4.796250e+02
5.305000e+02
1.108250e+03
1.516875e+03
1.385750e+03
1.429500e+03
9.321250e+02
9.506250e+02
1.027625e+03
1.119375e+03
1.201625e+03
1.203625e+03
1.202250e+03
4.572500e+02
3.793750e+02
5.348750e+02
1.301375e+03
1.457125e+03
1.332125e+03
9.847500e+02
1.033000e+03
1.449500e+03
8.167500e+02
6.560000e+02
7.622500e+02
1.136750e+03
1.622125e+03
1.496500e+03
1.401250e+03
1.509625e+03
1.399125e+03
1.471875e+03
1.298125e+03
9.942500e+02
1.237375e+03
1.313250e+03
1.572625e+03
1.566875e+03
1.548750e+03
1.550500e+03
1.387750e+03
1.338250e+03
1.054625e+03
9.630000e+02
9.117500e+02
8.986250e+02
7.761250e+02
6.527500e+02
5.657500e+02
4.677500e+02
3.832500e+02
8.735000e+02
1.504375e+03
1.484375e+03
8.710000e+02
8.888750e+02
9.248750e+02
9.681250e+02
1.049375e+03
1.094625e+03
1.020125e+03
3.796250e+02
3.872500e+02
1.177875e+03
1.334250e+03
1.252500e+03
1.282500e+03
1.339875e+03
7.842500e+02
1.385500e+03
7.973750e+02
6.301250e+02
7.576250e+02
1.317625e+03
1.616125e+03
1.563125e+03
1.486500e+03
1.548125e+03
1.518625e+03
1.421750e+03
1.331000e+03
1.112875e+03
1.141875e+03
1.130750e+03
1.613625e+03
1.544625e+03
1.558250e+03
1.562875e+03
1.206125e+03
1.385500e+03
9.981250e+02
9.390000e+02
9.138750e+02
8.782500e+02
8.066250e+02
7.217500e+02
6.253750e+02
5.121250e+02
4.125000e+02
3.296250e+02
1.193500e+03
1.516000e+03
8.798750e+02
8.918750e+02
9.203750e+02
9.477500e+02
1.003375e+03
1.005000e+03
6.875000e+02
3.307500e+02
5.785000e+02
1.312125e+03
1.215750e+03
1.223750e+03
1.226000e+03
1.519500e+03
7.571250e+02
1.407500e+03
7.961250e+02
6.140000e+02
7.538750e+02
1.372500e+03
1.602875e+03
1.623125e+03
1.336250e+03
1.605875e+03
1.569500e+03
1.533500e+03
1.302750e+03
1.199625e+03
1.119000e+03
1.059875e+03
1.577625e+03
1.520875e+03
1.571750e+03
1.478500e+03
1.116000e+03
1.335375e+03
9.682500e+02
9.276250e+02
9.301250e+02
8.858750e+02
8.352500e+02
7.542500e+02
6.598750e+02
545
4.261250e+02
3.518750e+02
6.047500e+02
1.471250e+03
8.727500e+02
8.871250e+02
9.251250e+02
9.785000e+02
1.042375e+03
6.840000e+02
3.760000e+02
3.316250e+02
9.435000e+02
1.249750e+03
1.160750e+03
1.254625e+03
1.229875e+03
1.590500e+03
7.663750e+02
1.358625e+03
8.087500e+02
6.435000e+02
7.591250e+02
1.393000e+03
1.621750e+03
1.582375e+03
1.440625e+03
1.572000e+03
1.595375e+03
1.534250e+03
1.492500e+03
1.085250e+03
1.235000e+03
1.240875e+03
1.393500e+03
1.458375e+03
1.571375e+03
1.262625e+03
1.071625e+03
1.268250e+03
9.598750e+02
9.116250e+02
9.336250e+02
9.063750e+02
8.605000e+02
7.916250e+02
7.048750e+02
5.682500e+02
4.558750e+02
3.811250e+02
3.422500e+02
1.268000e+03
8.821250e+02
9.128750e+02
9.418750e+02
9.745000e+02
1.043875e+03
4.905000e+02
3.543750e+02
4.941250e+02
1.108750e+03
1.198625e+03
1.226000e+03
1.224500e+03
1.304500e+03
1.628000e+03
8.342500e+02
1.282375e+03
8.330000e+02
6.313750e+02
7.406250e+02
1.334500e+03
1.609000e+03
1.552250e+03
1.562750e+03
1.571750e+03
1.583000e+03
1.521375e+03
1.441500e+03
1.180875e+03
1.259250e+03
1.417625e+03
1.548250e+03
1.541125e+03
1.524875e+03
1.126250e+03
1.164250e+03
1.136875e+03
9.252500e+02
9.010000e+02
9.278750e+02
9.245000e+02
8.763750e+02
8.175000e+02
7.443750e+02
6.246250e+02
4.951250e+02
4.027500e+02
3.536250e+02
8.610000e+02
9.661250e+02
9.286250e+02
9.208750e+02
9.650000e+02
9.686250e+02
7.370000e+02
3.710000e+02
7.246250e+02
1.176750e+03
1.261000e+03
1.264750e+03
1.271125e+03
1.297000e+03
1.663000e+03
8.701250e+02
1.190625e+03
8.751250e+02
6.437500e+02
7.453750e+02
1.303500e+03
1.619250e+03
1.598750e+03
1.566625e+03
1.541500e+03
1.615375e+03
1.549625e+03
1.244250e+03
1.485875e+03
1.384375e+03
1.473250e+03
1.609000e+03
1.614375e+03
1.354000e+03
1.062500e+03
1.327000e+03
9.932500e+02
9.155000e+02
8.906250e+02
9.052500e+02
9.272500e+02
8.937500e+02
8.446250e+02
7.773750e+02
6.783750e+02
5.402500e+02
4.186250e+02
3.563750e+02
6.207500e+02
1.338125e+03
1.280625e+03
1.178500e+03
1.074500e+03
8.675000e+02
8.525000e+02
3.577500e+02
1.013250e+03
1.302625e+03
1.320875e+03
1.258625e+03
1.264125e+03
1.422250e+03
1.475125e+03
8.583750e+02
1.044500e+03
8.942500e+02
638
7.665000e+02
1.342125e+03
1.603250e+03
1.582500e+03
1.587000e+03
1.521000e+03
1.605000e+03
1.591125e+03
1.465250e+03
1.102875e+03
1.375000e+03
1.614125e+03
1.644250e+03
1.532625e+03
1.154500e+03
1.264375e+03
1.213250e+03
9.368750e+02
9.170000e+02
8.956250e+02
8.925000e+02
9.212500e+02
9.136250e+02
8.777500e+02
8.120000e+02
7.268750e+02
5.962500e+02
4.591250e+02
3.790000e+02
3.896250e+02
1.262000e+03
1.254375e+03
1.425250e+03
1.602125e+03
8.941250e+02
5.786250e+02
6.301250e+02
1.421500e+03
1.377250e+03
1.251125e+03
1.327750e+03
1.252125e+03
1.501500e+03
1.287125e+03
8.472500e+02
9.527500e+02
9.010000e+02
6.231250e+02
8.055000e+02
1.411375e+03
1.602125e+03
1.580500e+03
1.599875e+03
1.503000e+03
1.500875e+03
1.543625e+03
1.471250e+03
1.302625e+03
1.454625e+03
1.636000e+03
1.623500e+03
1.377250e+03
1.337750e+03
1.283750e+03
9.981250e+02
9.366250e+02
9.103750e+02
8.991250e+02
8.795000e+02
8.921250e+02
9.097500e+02
8.977500e+02
8.448750e+02
7.663750e+02
6.683750e+02
5.213750e+02
4.091250e+02
3.530000e+02
1.075500e+03
1.209125e+03
1.275000e+03
1.378250e+03
8.533750e+02
7.230000e+02
1.371000e+03
1.431875e+03
1.270500e+03
1.392500e+03
1.250125e+03
1.308500e+03
1.479875e+03
1.489875e+03
9.842500e+02
8.433750e+02
9.162500e+02
6.128750e+02
7.816250e+02
1.544625e+03
1.592250e+03
1.549250e+03
1.561500e+03
1.512125e+03
1.305125e+03
1.459625e+03
1.482375e+03
1.314250e+03
1.471875e+03
1.626625e+03
1.525875e+03
1.306750e+03
1.105250e+03
1.012125e+03
9.895000e+02
9.491250e+02
9.245000e+02
9.033750e+02
8.825000e+02
8.772500e+02
8.892500e+02
8.886250e+02
8.612500e+02
7.988750e+02
7.020000e+02
5.816250e+02
4.636250e+02
3.747500e+02
8.616250e+02
1.265375e+03
1.181750e+03
1.135125e+03
1.111625e+03
1.244750e+03
1.320000e+03
1.312750e+03
1.369625e+03
1.352750e+03
1.163625e+03
1.419875e+03
1.546625e+03
1.581500e+03
9.763750e+02
5.932500e+02
9.123750e+02
6.188750e+02
8.327500e+02
1.565625e+03
1.572375e+03
1.491250e+03
1.502875e+03
1.434000e+03
1.368375e+03
1.382125e+03
1.485625e+03
1.476125e+03
1.364375e+03
1.522750e+03
1.250875e+03
1.081250e+03
1.031375e+03
1.002125e+03
9.716250e+02
9.560000e+02
9.296250e+02
9.121250e+02
8.918750e+02
8.710000e+02
8.602500e+02
8.560000e+02
8.430000e+02
7.977500e+02
7.291250e+02
6.290000e+02
5.071250e+02
4.155000e+02
6.062500e+02
1.305250e+03
1.183500e+03
1.048500e+03
1.074500e+03
1.058375e+03
1.282375e+03
1.347375e+03
1.367375e+03
1.105000e+03
1.319625e+03
1.556000e+03
1.384250e+03
