-2.658750e+02
-1.378750e+02
-1.315000e+02
-1.373750e+02
-1.531250e+02
-1.286250e+02
-6.500000e+01
-8.912500e+01
-9.612500e+01
-9.825000e+01
-104
-1.028750e+02
-1.031250e+02
-1.133750e+02
-1.221250e+02
-1.073750e+02
-1.132500e+02
-1.156250e+02
-1.050000e+02
-101
-1.096250e+02
-9.987500e+01
-1.077500e+02
-1.095000e+02
-1.170000e+02
-1.092500e+02
-1.132500e+02
-1.117500e+02
-1.058750e+02
-9.112500e+01
-1.005000e+02
-1.508750e+02
-1.325000e+02
-1.316250e+02
-1.411250e+02
-1.363750e+02
-1.396250e+02
-1.130000e+02
-2.156250e+02
-1.391250e+02
-8.312500e+01
-1.027500e+02
-1.168750e+02
-9.412500e+01
-1.078750e+02
-1.125000e+02
-1.148750e+02
-8.262500e+01
-1.407500e+02
-24
-7.750000e+00
-3.625000e+00
-4.625000e+00
-1.125000e+00
2.050000e+01
-2.750000e+00
-5.125000e+00
1.750000e+00
3.250000e+00
-6.250000e+00
0
-1.875000e+00
-8.750000e-01
1.150000e+01
-8.375000e+00
1.125000e+00
3.125000e+00
5.750000e+00
-4.250000e+00
-5
-6.250000e+00
-6.625000e+00
-1.500000e+00
1.962500e+01
3.125000e+00
2.550000e+01
1.362500e+01
4.125000e+00
2.637500e+01
-1.425000e+01
-1.750000e+01
-1.875000e+00
-1.625000e+00
-2.375000e+00
-2.500000e-01
6.625000e+00
-4
-4.725000e+01
5.087500e+01
5.250000e+00
6.250000e-01
2.750000e+00
-6.375000e+00
-2.325000e+01
-1.525000e+01
1.975000e+01
-1.273750e+02
-7.875000e+00
4
-6.875000e+00
4.375000e+00
-3
1.512500e+01
7.875000e+00
8.625000e+00
3.750000e-01
-5.000000e+00
-8.500000e+00
-10
-1.750000e+00
1.087500e+01
1.375000e+00
-3.750000e+00
4.750000e+00
9.875000e+00
1.187500e+01
-8.875000e+00
3.625000e+00
5.250000e+00
10
-1.125000e+00
1.075000e+01
4.875000e+00
1.250000e+00
-2.037500e+01
-2.875000e+00
1.275000e+01
6.500000e+00
-6.875000e+00
2.037500e+01
-2.500000e+00
7.500000e+00
-8.250000e+00
1.125000e+00
3.550000e+01
-3.825000e+01
-42
5.275000e+01
-2.500000e-01
4.875000e+00
-12
5.000000e-01
2.187500e+01
7.250000e+00
-1.222500e+02
-4.750000e+00
-8.250000e+00
-1.487500e+01
-6.250000e+00
8.500000e+00
22
19
4.500000e+00
0
4.500000e+00
-7.375000e+00
-6.625000e+00
3.250000e+00
-9.875000e+00
-5
-5.625000e+00
3.375000e+00
1.112500e+01
1.200000e+01
1.125000e+01
3.625000e+00
-6.250000e-01
-5.125000e+00
4.750000e+00
2.162500e+01
8.750000e+00
5.750000e+00
-7.875000e+00
-1.675000e+01
3.500000e+00
-3.750000e-01
-1.112500e+01
-13
-1.550000e+01
1.037500e+01
-8.500000e+00
-9.875000e+00
-5.250000e+00
2.750000e+00
-5.525000e+01
2.787500e+01
3.750000e+00
-1.837500e+01
4.875000e+00
1.937500e+01
-7.625000e+00
-1.250000e-01
-1.188750e+02
-12
7.125000e+00
-2.500000e-01
3.475000e+01
-1.625000e+00
1.762500e+01
2.250000e+00
9.500000e+00
-1.375000e+00
-3.625000e+00
2.625000e+00
-3.500000e+00
1.125000e+01
-6.375000e+00
1
-2.875000e+00
1.062500e+01
-11
-4.875000e+00
-9.375000e+00
-1.562500e+01
1.375000e+00
1.537500e+01
4.925000e+01
-1.625000e+00
-6.625000e+00
1.650000e+01
1.750000e+00
-13
-7.375000e+00
2
-1.012500e+01
-9
4.625000e+00
1.387500e+01
-6.250000e+00
6.500000e+00
-1.800000e+01
2.525000e+01
-37
-4.000000e+01
4.950000e+01
1.025000e+01
2.825000e+01
-5.625000e+00
4.875000e+00
1.875000e+00
-122
-1.212500e+01
2.512500e+01
-10
-5.750000e+00
-1.200000e+01
2.112500e+01
1.075000e+01
1.525000e+01
5.500000e+00
-5.625000e+00
-6.250000e+00
8.375000e+00
4.875000e+00
1.375000e+00
-1.587500e+01
-2.500000e-01
4.125000e+00
6.250000e+00
-4
-7.500000e-01
-7
-1.250000e+00
2.500000e+00
-3.687500e+01
2.387500e+01
1.325000e+01
7.625000e+00
10
4.875000e+00
1.237500e+01
-4.125000e+00
-8.125000e+00
-6.125000e+00
-4.750000e+00
7.875000e+00
2.273737e-13
-9.125000e+00
-6.875000e+00
7.500000e-01
2.775000e+01
-3.425000e+01
-43
1.812500e+01
-4.000000e+00
-5.375000e+00
-8.750000e-01
1
-1.686250e+02
5.375000e+00
3.150000e+01
-11
-8.250000e+00
-1.325000e+01
2.637500e+01
-1.750000e+00
1.250000e-01
1.136868e-13
1.500000e+00
-5.375000e+00
-5.000000e+00
1.050000e+01
3.875000e+00
3.850000e+01
3.625000e+00
-2
4.875000e+00
4.375000e+00
-1.500000e+00
3.750000e-01
-1.012500e+01
6.750000e+00
1.125000e+00
-1.912500e+01
-7
5.612500e+01
1.375000e+00
-2.250000e+00
9.125000e+00
3.375000e+00
-6
2.250000e+00
-4
-1.050000e+01
2.125000e+00
-5.000000e-01
2.250000e+00
3.125000e+00
9.125000e+00
-2.625000e+01
6.987500e+01
1.375000e+00
-2.000000e+00
-3.250000e+00
1.250000e+00
-1.162500e+01
-1.642500e+02
30
1.450000e+01
-1.087500e+01
-1.687500e+01
-2.337500e+01
21
-4.750000e+00
4
1.325000e+01
2.500000e+00
-3.500000e+00
7.625000e+00
5.625000e+00
-6.125000e+00
8.125000e+00
4.500000e+00
1.375000e+01
5.125000e+00
2.275000e+01
1.737500e+01
7.375000e+00
-1.250000e+00
-1.962500e+01
2.362500e+01
5.000000e+00
-8.750000e+00
-9.412500e+01
6.725000e+01
3.500000e+00
1.862500e+01
8.750000e-01
-7.750000e+00
-1.125000e+01
2.712500e+01
-2.887500e+01
-1.875000e+00
1.125000e+00
3.500000e+00
8.750000e+00
-5.287500e+01
5.625000e+01
3.750000e-01
-5.250000e+00
-4.000000e+00
1.375000e+01
1.612500e+01
1.650000e+01
-1.050000e+02
2.500000e+00
1.012500e+01
1
-4.875000e+00
-1.425000e+01
1.625000e+01
9
1.475000e+01
5.375000e+00
7.500000e-01
-5.000000e-01
2.750000e+00
1.900000e+01
2.500000e-01
-4.500000e+00
1.800000e+01
-8.750000e+00
-1.362500e+01
3.500000e+00
9.000000e+00
-7.750000e+00
3.537500e+01
1.237500e+01
-4.000000e+01
2.625000e+00
9.750000e+00
2.187500e+01
-3.437500e+01
5.650000e+01
8.750000e-01
-1.037500e+01
-1.262500e+01
-1.650000e+01
32
-3.750000e+00
-9.125000e+00
-1.487500e+01
2.287500e+01
-2.625000e+00
8.625000e+00
1.137500e+01
-1.075000e+01
4.750000e+00
5.375000e+00
8.125000e+00
-2
-4.875000e+00
-8.325000e+01
1.875000e+00
1.075000e+01
-6.750000e+00
-7.375000e+00
-1.075000e+01
2.625000e+01
4.125000e+00
7.250000e+00
2.750000e+00
-6.875000e+00
6.250000e-01
-2.875000e+00
-1.037500e+01
-4.250000e+00
9.500000e+00
-2.875000e+00
-7.625000e+00
-2.500000e-01
-8.750000e-01
1.662500e+01
4.250000e+01
-2
-6.375000e+00
3.250000e+00
4.125000e+00
-2.012500e+01
9.125000e+00
-2.587500e+01
-7.287500e+01
6.137500e+01
-7.000000e+00
-1.237500e+01
-1.537500e+01
1.250000e+01
3.375000e+01
-3.187500e+01
-2.037500e+01
4.125000e+00
-2.375000e+01
4.475000e+01
-8.500000e+00
1.875000e+00
2.750000e+00
1.462500e+01
8.250000e+00
-6
-5
-8.750000e+01
9.375000e+00
1.550000e+01
1
-6.500000e+00
-1.487500e+01
1.925000e+01
-7.250000e+00
-1.750000e+00
-2.625000e+00
-3.125000e+00
4.300000e+01
-3.612500e+01
-1.625000e+00
7.750000e+00
1.750000e+00
8.500000e+00
1.625000e+00
-4.500000e+00
3.400000e+01
-9.125000e+00
-2.825000e+01
2.787500e+01
1.662500e+01
7.500000e+00
1.287500e+01
-2.250000e+00
-2.025000e+01
-4.250000e+00
-4.225000e+01
4.225000e+01
-1.100000e+01
-1.650000e+01
-1.550000e+01
5.500000e+00
1.737500e+01
7.462500e+01
-1.462500e+01
-2.437500e+01
7.650000e+01
-1.500000e+00
-7.500000e-01
-1.625000e+00
8.750000e-01
3.862500e+01
-28
-9.375000e+00
-1.500000e+00
-7.912500e+01
-4.625000e+00
2.150000e+01
-1.062500e+01
-1.287500e+01
-2.750000e+00
3.300000e+01
-1.037500e+01
4.500000e+00
-6.625000e+00
2.625000e+00
-1.212500e+01
19
6.625000e+00
8.750000e-01
-8.125000e+00
2.212500e+01
5.750000e+00
3.387500e+01
-2.287500e+01
-5.750000e+00
-1.175000e+01
-5.500000e+00
-1.625000e+00
-3.500000e+00
6.875000e+00
3.250000e+00
1.112500e+01
7.875000e+00
1.750000e+00
-5.550000e+01
6.875000e+01
-1.612500e+01
-1.075000e+01
4.775000e+01
4.787500e+01
-4.862500e+01
-7.750000e+00
-7.100000e+01
7.012500e+01
-4.500000e+00
8.750000e-01
1.375000e+00
4.337500e+01
-4.562500e+01
-2.787500e+01
5.375000e+00
7.375000e+00
-8.325000e+01
-2.625000e+00
1.150000e+01
-1.837500e+01
-4.225000e+01
-10
2.275000e+01
-1.037500e+01
7.500000e-01
-1.375000e+00
-1.425000e+01
-3.812500e+01
4.825000e+01
6.500000e+00
-2.750000e+00
1.000000e+01
2.625000e+00
1.637500e+01
-3.812500e+01
1.287500e+01
-9.750000e+00
-1.425000e+01
-1.250000e+01
6.625000e+00
2.250000e+00
-4.250000e+00
4.750000e+00
1.625000e+01
1.212500e+01
7.250000e+00
-1.250000e+00
-4.875000e+01
9.875000e+00
2.450000e+01
-6.750000e+00
-5.600000e+01
5.000000e-01
2.250000e+01
-5.562500e+01
6.350000e+01
4.875000e+00
4.750000e+00
1.212500e+01
-4.125000e+00
1.425000e+01
1.837500e+01
2.737500e+01
-2.225000e+01
-8.512500e+01
2.625000e+00
8.875000e+00
-1.462500e+01
-1.937500e+01
-1.062500e+01
2.075000e+01
-7.625000e+00
-1.550000e+01
-1.250000e+00
2.750000e+00
-2.637500e+01
2.800000e+01
1.850000e+01
-2
-1.975000e+01
-6.375000e+00
-4.125000e+01
-1.625000e+00
5.250000e+00
6.250000e+00
-15
6.875000e+00
4.375000e+00
1.662500e+01
-1.450000e+01
8.250000e+00
5.000000e+00
4.625000e+00
5.500000e+00
-6.125000e+00
-4.125000e+00
2.600000e+01
-2.662500e+01
-8.250000e+00
-1.362500e+01
-2.900000e+01
2.875000e+00
-1.037500e+02
9.650000e+01
-8.375000e+00
-7.500000e-01
2.587500e+01
-3.850000e+01
-2.250000e+00
33
8
1.125000e+00
-8.737500e+01
-1.500000e+00
1.225000e+01
-1.175000e+01
-9.125000e+00
-1.425000e+01
1.587500e+01
-5.750000e+00
-2.375000e+00
-4.750000e+00
2.050000e+01
-4.350000e+01
1.025000e+01
7
-6.750000e+00
-9.875000e+00
-3.712500e+01
6.125000e+00
-1.350000e+01
15
-13
-1.387500e+01
3.375000e+00
-7.500000e-01
3
1.250000e+01
-1.987500e+01
-1.387500e+01
-3.500000e+00
3
-3.375000e+00
1.375000e+00
1.225000e+01
-3.375000e+01
9.125000e+00
-8.750000e+00
-3.437500e+01
2.125000e+01
-3.912500e+01
3.225000e+01
-1.250000e-01
2.237500e+01
-2.500000e+01
-9.625000e+00
-1.312500e+01
3.250000e+00
-4
4.500000e+00
-8.112500e+01
4.625000e+00
1.312500e+01
-7.625000e+00
-1.750000e+00
-7.875000e+00
2.337500e+01
6.250000e-01
1.625000e+00
6.500000e+00
6.850000e+01
-6.850000e+01
-1.125000e+00
3.750000e-01
4.250000e+00
-2.525000e+01
7.125000e+00
-2.175000e+01
2.425000e+01
-1.212500e+01
-1.837500e+01
-4.787500e+01
-3.625000e+00
-4.125000e+00
-1.500000e+00
-1.662500e+01
-1.062500e+01
6.250000e+00
23
-8.875000e+00
1.200000e+01
2.500000e-01
1.562500e+01
7.500000e-01
2.062500e+01
-3.125000e+01
-1.500000e+00
2.462500e+01
-2.537500e+01
-7.625000e+00
-2.250000e+00
6
-1.712500e+01
-1.275000e+01
2.500000e+00
18
6.250000e+00
6.875000e+00
-9.075000e+01
8.750000e-01
1.575000e+01
-2.250000e+00
-7.500000e-01
-2.112500e+01
2.387500e+01
-4.125000e+00
4.000000e+00
7.500000e+00
7.475000e+01
-8.375000e+01
9.625000e+00
-2.025000e+01
1.250000e+00
5.375000e+00
-3.075000e+01
2.025000e+01
6.250000e+00
-1.237500e+01
1.625000e+01
4.350000e+01
-2.450000e+01
-3.750000e-01
-14
-2.750000e+00
3.337500e+01
3.562500e+01
6.250000e+00
-2.937500e+01
-17
-2.050000e+01
-1.312500e+01
-6.875000e+00
-6.712500e+01
-13
7.900000e+01
-128
9.175000e+01
3.250000e+00
3.562500e+01
-3.525000e+01
5.875000e+00
-6.250000e+00
-7.500000e-01
-5.750000e+00
-1.950000e+01
-1.525000e+01
-82
1.887500e+01
7.125000e+00
-1.425000e+01
3.250000e+00
-1.462500e+01
2.450000e+01
-1.275000e+01
-1.250000e-01
3.500000e+00
3.112500e+01
-4.500000e+00
-1.237500e+01
7.875000e+00
3.425000e+01
-2.625000e+01
7.250000e+00
-2.012500e+01
-1.237500e+01
-1.187500e+01
-1.300000e+01
-1.325000e+01
3.987500e+01
1.825000e+01
-5.250000e+00
5.212500e+01
8.000000e+00
-2.112500e+01
-4.875000e+00
1.000000e+01
-3.487500e+01
-2.125000e+01
-5.712500e+01
-1.650000e+01
1.072500e+02
1.925000e+01
-1.061250e+02
5.812500e+01
-2.750000e+00
4.750000e+00
3.462500e+01
-1.787500e+01
-2.750000e+00
4.875000e+00
-1.350000e+01
1.625000e+00
0
0
-9.175000e+01
4.125000e+00
1.112500e+01
-15
3.750000e-01
-2.062500e+01
2.762500e+01
-7.625000e+00
9.375000e+00
9.000000e+00
-1.325000e+01
7
7.125000e+00
1.562500e+01
-1.625000e+00
6.750000e+00
-6.500000e+00
-4.675000e+01
-2.725000e+01
2.087500e+01
5.000000e-01
31
-2.075000e+01
-3.087500e+01
7.837500e+01
-4.225000e+01
-5.062500e+01
8.625000e+00
3.000000e+00
1.500000e+00
-1.487500e+01
-4.250000e+00
3.900000e+01
5.500000e+00
-2.850000e+01
-8.950000e+01
5.912500e+01
-4.625000e+00
2.375000e+00
1.850000e+01
-1.625000e+01
1.262500e+01
2.750000e+01
1.887500e+01
4.125000e+00
1.687500e+01
-7.750000e+00
0
-9.612500e+01
-4.500000e+00
9.875000e+00
-2.175000e+01
-5.625000e+00
-1.712500e+01
3.762500e+01
8.500000e+00
4.875000e+00
2.375000e+00
-4.750000e+00
7.025000e+01
-4.625000e+01
-8.125000e+00
-1.250000e+00
-7.750000e+00
8
-2.275000e+01
-3.000000e+00
-1.275000e+01
-9.875000e+00
1.400000e+01
-1.062500e+01
3.587500e+01
3.250000e+00
-2.587500e+01
-2.712500e+01
2.075000e+01
1.262500e+01
-3.750000e-01
-4
-14
2.625000e+01
1.412500e+01
-4.425000e+01
6.337500e+01
-2.500000e+00
-7.125000e+00
1.062500e+01
2.837500e+01
4.125000e+00
-2.487500e+01
-3.750000e-01
2.875000e+00
-1.875000e+00
-5.000000e-01
2.125000e+01
3.375000e+00
-7.825000e+01
-6.875000e+00
1.475000e+01
-9.500000e+00
-1.800000e+01
-1.050000e+01
3.162500e+01
-7.750000e+00
-2
1.025000e+01
1.250000e+00
2.062500e+01
-6.125000e+01
3.487500e+01
-1.512500e+01
-3.337500e+01
-2.825000e+01
2.375000e+00
2.437500e+01
-3.487500e+01
3.450000e+01
-3.937500e+01
4.575000e+01
-1.350000e+01
-1.937500e+01
-3.037500e+01
2.087500e+01
-7.875000e+00
2.087500e+01
-2.175000e+01
-6.250000e-01
-4.175000e+01
6.187500e+01
-2
-1.162500e+01
1.287500e+01
-9.000000e+00
-5.625000e+00
8.250000e+00
-6.875000e+00
8.750000e+00
-2.175000e+01
-2.612500e+01
-7.500000e-01
7.375000e+00
-3.250000e+00
-7.375000e+00
0
-9.837500e+01
1.000000e+00
1.562500e+01
-10
-2.375000e+00
-1.662500e+01
2.950000e+01
3.250000e+00
-1.750000e+00
-6.125000e+00
-4.875000e+00
-2.625000e+00
-4.975000e+01
5.337500e+01
-1.737500e+01
-1.200000e+01
2.237500e+01
4.875000e+00
-3.750000e+00
1.137500e+01
-1.425000e+01
3.087500e+01
-8.250000e+00
-32
2.137500e+01
-9.125000e+00
6.250000e+00
8.250000e+00
-9.750000e+00
-1.700000e+01
8.750000e-01
-5.475000e+01
3.375000e+01
5.962500e+01
-5.675000e+01
5.125000e+00
-7.375000e+00
7.500000e+00
3.462500e+01
-32
0
12
0
-1.250000e-01
-8.250000e+00
-6.375000e+00
-3.125000e+00
19
-9.162500e+01
-5.000000e-01
1.550000e+01
-3.125000e+00
6.375000e+00
-1.887500e+01
2.775000e+01
-7.250000e+00
-1.750000e+00
2
4.750000e+00
1.412500e+01
-1.775000e+01
-1.787500e+01
-3.462500e+01
6.237500e+01
-8.500000e+00
-1.587500e+01
6.250000e-01
-1.275000e+01
1.625000e+00
5.362500e+01
-3.587500e+01
8.875000e+00
-2.025000e+01
8.750000e-01
-3.850000e+01
-5.375000e+00
-6.625000e+00
-5.250000e+00
7.500000e-01
-3.437500e+01
-2.287500e+01
6.737500e+01
-4.287500e+01
9.375000e+00
-8.375000e+00
-3.750000e-01
1.512500e+01
-1.550000e+01
2.875000e+00
1.625000e+00
-11
-9.500000e+00
-2.137500e+01
-1.500000e+00
-2.375000e+00
-1.250000e+00
-9.937500e+01
-4.250000e+00
1.325000e+01
-9.750000e+00
8.125000e+00
-1.375000e+01
3.075000e+01
-1.375000e+00
-6.375000e+00
6.625000e+00
2.287500e+01
-3.125000e+01
6.012500e+01
-6.762500e+01
4.637500e+01
8.625000e+00
3
-1.250000e+01
1.012500e+01
-1.512500e+01
5.650000e+01
-2.550000e+01
-2.875000e+00
-4.250000e+01
3.750000e-01
-8.500000e+00
4.575000e+01
7
1.412500e+01
-1.250000e+00
-2.187500e+01
-9.125000e+00
-3.750000e+00
2.550000e+01
-4.512500e+01
3.450000e+01
5.125000e+00
5.875000e+00
-1.262500e+01
-4.125000e+00
-2.250000e+00
-3.250000e+00
-6.250000e-01
-5.125000e+00
-2.125000e+00
-8.875000e+00
-1.462500e+01
-5.875000e+00
-9.062500e+01
-2.750000e+00
26
-6.375000e+00
-4.750000e+00
-2.125000e+01
2.525000e+01
5.000000e-01
-5.625000e+00
2.462500e+01
-3.850000e+01
-9.625000e+00
-5.325000e+01
3.937500e+01
-5.875000e+00
-1.362500e+01
3.675000e+01
-1.737500e+01
-2.512500e+01
3.612500e+01
-2.625000e+01
1.587500e+01
-2.212500e+01
7.237500e+01
5.775000e+01
2.662500e+01
8.912500e+01
-2.775000e+01
6.750000e+00
-7.000000e+01
6.400000e+01
1.350000e+01
3.625000e+01
2.237500e+01
-3.725000e+01
2.450000e+01
2
5.275000e+01
-3.275000e+01
-8.125000e+00
-4.250000e+00
-8.625000e+00
7.375000e+00
7.500000e-01
6.250000e-01
2.750000e+00
-6.000000e+00
-1.075000e+01
-8.662500e+01
-2.250000e+00
2.425000e+01
-1.325000e+01
-7.500000e+00
-1.650000e+01
3.150000e+01
-9.125000e+00
8.250000e+00
60
-7.950000e+01
2.812500e+01
8.750000e-01
16
-5.625000e+00
7.500000e-01
2.300000e+01
-1.050000e+01
6.375000e+00
4.637500e+01
-2.787500e+01
-4.562500e+01
41
2.562500e+01
1.050000e+01
-6.412500e+01
-3.787500e+01
2.225000e+01
1.512500e+01
-2.012500e+01
5.500000e+00
-6.962500e+01
5.500000e+01
-8.750000e-01
-2.087500e+01
1.725000e+01
3.500000e+00
1.262500e+01
-2.025000e+01
-6.500000e+00
-1.750000e+00
-1.875000e+00
1.437500e+01
3
-6.750000e+00
-3.875000e+00
2.625000e+01
-9.000000e+00
-9.975000e+01
-3.375000e+00
3.075000e+01
-1.375000e+01
-1.337500e+01
-2.150000e+01
2.412500e+01
-20
1.250000e-01
-1.087500e+01
5.225000e+01
3.112500e+01
-1.600000e+01
3.062500e+01
1.250000e-01
-2.250000e+01
3.625000e+01
-1.250000e-01
4.237500e+01
-2.550000e+01
-5.312500e+01
5.612500e+01
1.750000e+00
-6.625000e+00
1.162500e+01
2.575000e+01
-1.012500e+01
2.250000e+00
3.350000e+01
-5.012500e+01
1.750000e+01
6.337500e+01
-9.000000e+00
-5.625000e+00
-5.312500e+01
5.612500e+01
9.625000e+00
-1.625000e+00
-2.500000e+00
2.500000e-01
3.375000e+00
8.500000e+00
1.425000e+01
-4.625000e+00
1.350000e+01
-6.375000e+00
-2.450000e+01
2.112500e+01
-8.675000e+01
-1.187500e+01
2.625000e+01
-1.750000e+01
-1.525000e+01
-2.000000e+01
2.237500e+01
-11
-1.200000e+01
-15
2.375000e+01
-3.137500e+01
-3.500000e+00
2.062500e+01
-2.262500e+01
-6.125000e+00
-13
3.750000e+00
2.862500e+01
-7.562500e+01
7.000000e+01
-1.862500e+01
-7.250000e+00
-2.375000e+00
-8.625000e+00
-3.250000e+00
7.250000e+00
-7
3.887500e+01
-4.775000e+01
2.500000e+00
2.250000e+00
-4.625000e+00
-7.500000e+00
-2.762500e+01
3.650000e+01
3.525000e+01
-2.500000e+01
-1.637500e+01
5.125000e+00
1.250000e+00
3.875000e+00
1.362500e+01
3.312500e+01
0
-2.412500e+01
-6.250000e-01
2.212500e+01
-7.187500e+01
1.250000e-01
3.012500e+01
-1.550000e+01
-5.125000e+00
-2.950000e+01
3.287500e+01
-4.375000e+00
1.125000e+01
-3.962500e+01
6.375000e+00
-1.625000e+00
2.162500e+01
-6.000000e+00
-1.625000e+00
3.075000e+01
-7.362500e+01
9.125000e+01
-3.050000e+01
-24
3.312500e+01
-8.750000e-01
5.875000e+00
0
7.375000e+00
-6
2.250000e+00
-1.625000e+00
31
-3.825000e+01
1.262500e+01
-7.125000e+00
1.250000e+01
-17
1.025000e+01
15
2.537500e+01
-2.950000e+01
-7
1.250000e-01
1.062500e+01
18
8.750000e+00
4.087500e+01
-2.887500e+01
1.062500e+01
-1.950000e+01
-1.550000e+01
-7.950000e+01
-4.375000e+00
3.487500e+01
-1.350000e+01
-1
-1.750000e+01
4.962500e+01
-1.500000e+00
-5.125000e+00
-1.337500e+01
-1.975000e+01
-3.200000e+01
4.462500e+01
-3.250000e+00
-3.037500e+01
-5.250000e+00
-2
3.025000e+01
-6.562500e+01
9.450000e+01
-6.625000e+00
-4.500000e+00
2.500000e+00
-2.875000e+00
9.875000e+00
-1.187500e+01
-1.037500e+01
-2.250000e+01
14
-7.212500e+01
2.587500e+01
-3.462500e+01
4.087500e+01
-14
4.500000e+00
-3.125000e+00
6
-9.750000e+00
7.250000e+00
-1.125000e+00
7.250000e+00
7.375000e+00
1.050000e+01
-3.087500e+01
-3.750000e-01
-6.875000e+00
3.250000e+00
-7.375000e+00
-7.875000e+01
-1.187500e+01
2.125000e+01
-9.500000e+00
-2.000000e+00
-2.387500e+01
3.175000e+01
1.037500e+01
2.375000e+01
2.087500e+01
-5.087500e+01
2.187500e+01
-3.225000e+01
-1.462500e+01
7.162500e+01
5
76
-1.245000e+02
3.837500e+01
2.550000e+01
-1.087500e+01
-1.412500e+01
-2.125000e+00
-1.687500e+01
-2.500000e-01
-6.625000e+00
5.250000e+00
2.537500e+01
3.212500e+01
-1.462500e+01
3.625000e+00
-3.375000e+00
3.237500e+01
-2.350000e+01
3.912500e+01
-2.662500e+01
-9.000000e+00
-4.750000e+00
1.375000e+00
-9.750000e+00
6.000000e+00
-2.875000e+00
-6.125000e+00
-2.450000e+01
7.375000e+00
-1.212500e+01
-1.250000e-01
-7.500000e+00
-6.975000e+01
4.125000e+00
1.125000e+00
7.375000e+00
2.200000e+01
-2.712500e+01
3.387500e+01
-2.512500e+01
22
-11
4.187500e+01
-2.462500e+01
-1.987500e+01
2.250000e+01
42
-1.275000e+01
-1.962500e+01
-43
1.962500e+01
3.500000e+00
-1.162500e+01
-1.075000e+01
7
-5.500000e+00
-1.375000e+01
-25
-2.250000e+00
9
-5.025000e+01
-3.637500e+01
-3.062500e+01
2.812500e+01
6.500000e+00
-2.537500e+01
7.375000e+01
-69
-3.500000e+01
-1.100000e+01
1.575000e+01
5.500000e+00
1.875000e+01
-2.250000e+00
1.700000e+01
6.250000e+00
-2.625000e+00
3.375000e+00
-4
6.375000e+00
-5.475000e+01
3.125000e+00
9.125000e+00
-3
-1.075000e+01
-3.100000e+01
4.087500e+01
-4.637500e+01
2.875000e+01
1.136868e-13
4.375000e+00
1.112500e+01
1.912500e+01
2.950000e+01
-3.337500e+01
-4.725000e+01
-1.812500e+01
3.612500e+01
2.762500e+01
-1.125000e+00
8.375000e+00
-1
6.250000e-01
-2.412500e+01
5
2.487500e+01
2.750000e+00
3.037500e+01
1.750000e+00
2.687500e+01
-2.112500e+01
3.012500e+01
8.500000e+00
-1.550000e+01
7.000000e+01
-5.950000e+01
-1.825000e+01
-1.262500e+01
5.000000e-01
7.250000e+00
-4.875000e+00
-1.037500e+01
8
7.125000e+00
3.587500e+01
6
-1.100000e+01
-7.750000e+00
-4.775000e+01
8.125000e+00
-9.000000e+00
-1.087500e+01
1.500000e+00
-1.825000e+01
2.975000e+01
-5.562500e+01
2.275000e+01
1.112500e+01
-2.625000e+01
3.375000e+01
8.250000e+00
1.062500e+01
-1.162500e+01
6
2.725000e+01
2.375000e+00
-1.750000e+00
-4.625000e+00
8.750000e-01
4.875000e+00
-4.250000e+00
-1.150000e+01
-2.075000e+01
-1.225000e+01
-1.612500e+01
-4.362500e+01
-62
-5.175000e+01
2.825000e+01
-1.250000e+00
5.250000e+00
-2.012500e+01
3.700000e+01
-2.337500e+01
-1.250000e-01
-5
0
-3.125000e+00
2.500000e-01
4.250000e+00
1.150000e+01
1.412500e+01
6.000000e+00
-1.125000e+00
-1.987500e+01
-1.537500e+01
-4.887500e+01
9.875000e+00
-1.375000e+00
-4.500000e+00
11
-1.087500e+01
2.662500e+01
-1.687500e+01
1.250000e-01
-9
-2.637500e+01
1.587500e+01
3.362500e+01
-5.375000e+00
-6.450000e+01
2.162500e+01
2.375000e+00
-3.625000e+00
1.375000e+00
-1.162500e+01
8.000000e+00
1.425000e+01
-1.150000e+01
-5.125000e+00
-1.000000e+00
1.337500e+01
2.362500e+01
1.075000e+01
-11
-2.687500e+01
2.425000e+01
-9.875000e+00
-2.250000e+00
5.250000e+00
1.987500e+01
-2.662500e+01
1.075000e+01
1.487500e+01
2.250000e+00
-3.062500e+01
-4.750000e+00
8.500000e+00
1.537500e+01
2.637500e+01
3.125000e+00
-5.500000e+00
-7.875000e+00
-1.487500e+01
-4.512500e+01
9
-6.375000e+00
-7.875000e+00
18
-2.037500e+01
5.200000e+01
1.937500e+01
-1.687500e+01
-7.500000e-01
-2.762500e+01
5.162500e+01
-2.487500e+01
-3.487500e+01
8.962500e+01
2.562500e+01
5.000000e-01
-1
1.312500e+01
7.500000e-01
1.075000e+01
-1.375000e+00
3.950000e+01
-4.875000e+00
-1.312500e+01
-7.250000e+00
-1.862500e+01
-1.375000e+01
-3.925000e+01
2.087500e+01
7.750000e+00
-9.250000e+00
-8.875000e+00
6.875000e+00
7.500000e+00
-2.275000e+01
3.125000e+00
-3.875000e+00
-1.875000e+00
-5.750000e+00
1.875000e+00
9.250000e+00
-2.375000e+00
3.137500e+01
2.787500e+01
1.175000e+01
-3.100000e+01
-4.012500e+01
-3.837500e+01
2.625000e+01
-5.375000e+00
-2.825000e+01
-1.162500e+01
7.500000e-01
-11
3.437500e+01
-2.925000e+01
-2.250000e+00
-2.250000e+00
1.412500e+01
2.450000e+01
-3.212500e+01
-2.875000e+00
1.987500e+01
-9.750000e+00
-1.125000e+00
6.125000e+00
5.500000e+00
1.250000e-01
2.125000e+01
-2.625000e+00
2.125000e+00
1.325000e+01
1.487500e+01
-9.875000e+00
3.887500e+01
-1.012500e+01
2.587500e+01
7.275000e+01
2.625000e+00
-7.125000e+00
1.000000e+00
1.500000e+01
-2.012500e+01
4.037500e+01
10
-2.750000e+00
-1.512500e+01
-1.575000e+01
3.312500e+01
-6.600000e+01
1.250000e+00
-9.875000e+00
-4.512500e+01
6.150000e+01
4.637500e+01
-1.100000e+02
1.812500e+01
3.750000e+01
-3.250000e+01
6.375000e+00
-4.687500e+01
2.112500e+01
2.450000e+01
-1.637500e+01
3.175000e+01
6.675000e+01
-1.450000e+01
-4.175000e+01
4.012500e+01
8.750000e-01
-3.750000e+01
-1.012500e+01
8.500000e+00
2.225000e+01
1.750000e+00
6.750000e+00
2.500000e-01
-1.750000e+00
-3.500000e+00
2.250000e+00
-4.125000e+00
11
3.387500e+01
3.875000e+00
-4.625000e+00
-6.812500e+01
1.337500e+01
5.125000e+01
-9.875000e+00
4.812500e+01
-4.050000e+01
-8.875000e+00
-1.275000e+01
3.125000e+00
2.612500e+01
2.175000e+01
6.937500e+01
-5.212500e+01
1.737500e+01
-5.762500e+01
6.187500e+01
1.350000e+01
-1.062500e+01
-1.202500e+02
-5.387500e+01
5.625000e+01
-2.275000e+01
1
7.875000e+00
-2.237500e+01
1.962500e+01
-3.375000e+00
-3.862500e+01
3.912500e+01
-17
5.875000e+01
1.462500e+01
-5.325000e+01
5.012500e+01
7.125000e+00
3.750000e-01
1.250000e+00
-1.075000e+01
1.237500e+01
-10
5.375000e+00
-7
2.500000e+00
-4.250000e+00
7.500000e+00
1.500000e+00
9
-5.750000e+00
-2.250000e+00
-4.500000e+01
-4.875000e+01
3.312500e+01
7.837500e+01
-8.062500e+01
-1.612500e+01
-3.525000e+01
-1.450000e+01
-1.337500e+01
-1.025000e+01
1.987500e+01
-4.212500e+01
-2.912500e+01
5.962500e+01
-1.412500e+01
-2.150000e+01
6.375000e+00
-1.612500e+01
-88
6.025000e+01
-3.775000e+01
-6.875000e+00
-1.075000e+01
1.512500e+01
5.125000e+00
-1.025000e+01
-1.875000e+01
3.387500e+01
7.875000e+00
-1.062500e+01
1.187500e+01
-2.275000e+01
2.012500e+01
-7.587500e+01
5.862500e+01
-2.500000e+00
2.125000e+00
2.912500e+01
-4.175000e+01
48
-7
1.562500e+01
4.250000e+00
5
-7.250000e+00
-4.875000e+00
-1.337500e+01
-1.250000e+00
-1.412500e+01
-3.950000e+01
4.312500e+01
6.237500e+01
-5.400000e+01
2.625000e+00
-6.125000e+00
5.250000e+00
7.875000e+00
1.662500e+01
-7.750000e+00
-2.250000e+01
-4.687500e+01
4.575000e+01
-8.500000e+00
7.375000e+00
-1.375000e+01
-3.125000e+00
-7.825000e+01
8.012500e+01
-4.812500e+01
-1.550000e+01
-1.275000e+01
1.300000e+01
-3.625000e+00
7.375000e+00
-6.287500e+01
6.175000e+01
1.062500e+01
1.587500e+01
-8.000000e+00
1.575000e+01
4.000000e+00
-7.450000e+01
5.362500e+01
-1.675000e+01
7.375000e+00
22
-4.875000e+01
5.725000e+01
-1.250000e+00
1.125000e+01
1.475000e+01
6.250000e+00
0
-1.000000e+00
1.000000e+00
-1.125000e+01
-1.537500e+01
1.287500e+01
-3.250000e+01
7.425000e+01
-1.175000e+01
-6.875000e+00
-2.187500e+01
-5.250000e+00
8.500000e+00
-2.675000e+01
-2.425000e+01
-2.287500e+01
2.050000e+01
8.375000e+00
-2.325000e+01
8.250000e+00
-1.500000e+00
9.375000e+00
-7.412500e+01
80
-3.875000e+01
2.250000e+01
-7.625000e+00
1.087500e+01
2.375000e+00
4.250000e+00
-2.587500e+01
1.675000e+01
9.625000e+00
-1.225000e+01
4.587500e+01
-5.262500e+01
3.987500e+01
1.375000e+00
-2.237500e+01
-15
1.925000e+01
-9.125000e+00
-3.325000e+01
41
5.000000e-01
4.250000e+00
1.400000e+01
-5.000000e-01
-2.250000e+00
4.500000e+00
-6.625000e+00
-12
-1.775000e+01
4.625000e+00
-8.350000e+01
8.362500e+01
-1.037500e+01
3.750000e+00
7.500000e-01
3.750000e+00
2.137500e+01
-3.625000e+01
-8.875000e+00
-3.787500e+01
2.562500e+01
-3.750000e+00
-7.625000e+00
-2.325000e+01
1.475000e+01
8
-5.962500e+01
5.875000e+01
-3.437500e+01
14
-2.750000e+00
-3.750000e-01
1.250000e-01
-7.750000e+00
6.875000e+00
8.750000e+00
7.250000e+00
2.125000e+00
2.012500e+01
-6.087500e+01
-6.625000e+00
3
1.875000e+00
8.250000e+00
2.425000e+01
-1.775000e+01
7.375000e+00
-3.375000e+00
3.250000e+00
1.625000e+00
1.050000e+01
-2.125000e+00
4.375000e+00
-2.500000e+00
-8.750000e-01
2.100000e+01
-1.125000e+00
2.237500e+01
-4.625000e+00
3.750000e-01
-1.650000e+01
-1.750000e+01
-8
3.375000e+00
2.862500e+01
3.062500e+01
-3.150000e+01
1.625000e+00
-1
-2.375000e+00
5.500000e+00
2.375000e+00
-3.750000e+00
5.625000e+00
-5.425000e+01
5.012500e+01
-3.275000e+01
-8.750000e-01
-1.950000e+01
-1.075000e+01
1.425000e+01
5.625000e+00
9.250000e+00
-8.875000e+00
1.300000e+01
1.237500e+01
-7.362500e+01
6.475000e+01
2.312500e+01
8.250000e+00
7.250000e+00
1.862500e+01
-1.062500e+01
-2.925000e+01
4.887500e+01
-2.237500e+01
8.625000e+00
7.250000e+00
-21
-7.250000e+00
16
3.375000e+00
1.312500e+01
3.112500e+01
-1.750000e+00
1.500000e+00
-1.650000e+01
-2.987500e+01
4.337500e+01
1.937500e+01
-6.125000e+00
-2.187500e+01
-1.687500e+01
4.625000e+01
-7.900000e+01
1.175000e+01
-3.125000e+00
1.287500e+01
-1.487500e+01
-1.525000e+01
-2.550000e+01
-3.525000e+01
-3.800000e+01
3.337500e+01
-2.375000e+01
1.375000e+00
-2.012500e+01
8.625000e+00
-6.750000e+00
-5.500000e+00
9.750000e+00
-2.000000e+01
8.750000e-01
4.750000e+00
3.425000e+01
-6.325000e+01
1.987500e+01
-2.250000e+00
3.875000e+00
2.425000e+01
-3.025000e+01
2.375000e+00
1.125000e+01
-7
5.125000e+00
3.750000e-01
-1.312500e+01
9.625000e+00
1.262500e+01
3.625000e+00
2.625000e+00
1.912500e+01
6.375000e+00
-7.000000e+00
-6.250000e+00
-9.612500e+01
7.125000e+01
-7.875000e+00
1.275000e+01
6.512500e+01
-1.987500e+01
1.125000e+00
-6.725000e+01
4.787500e+01
9.875000e+00
-3.737500e+01
4.750000e+00
-2.162500e+01
7
-7.000000e+01
-1.962500e+01
1.087500e+01
-1.187500e+01
-3.750000e-01
4
1.250000e-01
4.125000e+00
-7.625000e+00
1.137500e+01
9.375000e+00
-1.387500e+01
9.375000e+00
-16
30
2.525000e+01
2.625000e+00
3.875000e+00
-2.050000e+01
3.437500e+01
2.275000e+01
-1.075000e+01
-4.625000e+00
1.250000e-01
8.750000e-01
-2.750000e+00
8.750000e-01
-2.500000e+00
-7.000000e+00
-1.812500e+01
5.625000e+00
1.912500e+01
-2.837500e+01
-2.087500e+01
-2.725000e+01
3.812500e+01
-1.150000e+01
-6.625000e+00
1.137500e+01
-1.350000e+01
-3.950000e+01
5.875000e+01
6.125000e+00
-3.450000e+01
2.337500e+01
-7.625000e+00
2.500000e-01
-1.125000e+00
-30
1.050000e+01
-4.375000e+00
9.875000e+00
-1.725000e+01
-3.750000e+01
4.537500e+01
1.250000e-01
5.625000e+00
10
2.512500e+01
-6.775000e+01
-1.212500e+01
2.112500e+01
4.375000e+00
2.050000e+01
3.750000e+00
2.287500e+01
1.312500e+01
-2.637500e+01
-7
8.875000e+00
7
2.150000e+01
6.500000e+00
1
2.750000e+00
4.750000e+00
-9.125000e+00
1.625000e+00
-1.425000e+01
-1.712500e+01
-20
-1.375000e+00
1.300000e+01
9.375000e+00
-9.750000e+00
-9.750000e+00
-9.875000e+00
1.800000e+01
3.375000e+01
-4.500000e+00
-1.825000e+01
2.625000e+00
1.225000e+01
-2.637500e+01
6.625000e+00
-2.500000e-01
-1.862500e+01
-1.587500e+01
-2.212500e+01
10
-1.075000e+01
-2.875000e+01
1.350000e+01
-3.000000e+00
1.250000e-01
3.062500e+01
1.750000e+00
-4.712500e+01
1.912500e+01
7.875000e+00
2.875000e+00
-1.425000e+01
1.987500e+01
-1.162500e+01
-1.712500e+01
1.625000e+00
2.275000e+01
5.625000e+00
9.750000e+00
8.500000e+00
-1.062500e+01
5.750000e+00
-2.787500e+01
-9
-1.875000e+00
-6.625000e+00
-2.750000e+00
-3.350000e+01
7.375000e+00
1
7.625000e+00
-1.487500e+01
8.125000e+00
-1.012500e+01
-7.250000e+00
6
6.250000e+00
-9.125000e+00
-9.750000e+00
1.137500e+01
-1.475000e+01
-1.825000e+01
7.500000e+00
6.625000e+00
