-2.601250e+02
-1.345000e+02
-1.297500e+02
-1.333750e+02
-157
-1.256250e+02
-7.000000e+01
-9.437500e+01
-9.525000e+01
-9.275000e+01
-1.060000e+02
-1.087500e+02
-1.137500e+02
-1.133750e+02
-1.128750e+02
-1.137500e+02
-118
-1.138750e+02
-1.168750e+02
-1.170000e+02
-1.082500e+02
-114
-1.147500e+02
-1.140000e+02
-1.125000e+02
-1.115000e+02
-1.132500e+02
-1.111250e+02
-1.073750e+02
-9.312500e+01
-1.101250e+02
-1.455000e+02
-1.250000e+02
-1.296250e+02
-1.311250e+02
-1.296250e+02
-1.356250e+02
-1.172500e+02
-2.155000e+02
-1.436250e+02
-7.562500e+01
-1.052500e+02
-1.056250e+02
-1.063750e+02
-1.032500e+02
-1.110000e+02
-1.123750e+02
-7.012500e+01
-1.328750e+02
-1.625000e+00
3.750000e+00
-6.500000e+00
-8.000000e+00
-6.500000e+00
20
-4.125000e+00
-8.750000e-01
2.375000e+00
1.250000e-01
-1.875000e+00
1.375000e+00
-8.750000e-01
-1.750000e+00
2.625000e+00
-1.250000e+00
-1.875000e+00
-1.000000e+00
-2
-2.375000e+00
-1.500000e+00
-1.625000e+00
-3.875000e+00
-2
-7.500000e-01
-2.875000e+00
5.000000e-01
-2
-3.750000e+00
20
-9.750000e+00
-7.000000e+00
-2.375000e+00
-5.000000e-01
-1.875000e+00
1.625000e+00
2.875000e+00
4
-5.137500e+01
4.637500e+01
-2
-3.375000e+00
3.750000e-01
2.125000e+00
-2.025000e+01
-1.025000e+01
2.025000e+01
-1.322500e+02
-3.750000e-01
1.625000e+00
-2.750000e+00
-4.500000e+00
-5.875000e+00
1.750000e+01
-5.500000e+00
2.875000e+00
6.250000e-01
-3.750000e-01
-5.000000e-01
-2.625000e+00
1.750000e+00
2.500000e+00
5.000000e-01
-1
2.875000e+00
-3.375000e+00
4.250000e+00
-1.500000e+00
7.500000e-01
7.500000e-01
2.000000e+00
1.250000e-01
1.625000e+00
2.250000e+00
5.000000e-01
-3.125000e+00
1.375000e+00
1.087500e+01
-3.125000e+00
-7.625000e+00
2.875000e+00
-3.750000e+00
3.750000e+00
1.125000e+00
2.125000e+00
3.275000e+01
-3.225000e+01
-4.087500e+01
4.612500e+01
-1.875000e+00
3.500000e+00
-2.025000e+01
4.250000e+00
2.312500e+01
8.750000e-01
-1.333750e+02
-1
-6.250000e+00
7.500000e-01
-7.875000e+00
-6.750000e+00
18
-2.375000e+00
5.000000e-01
3.375000e+00
-2.000000e+00
1.875000e+00
-1.250000e-01
2.273737e-13
-1.250000e-01
1
-3.750000e-01
1.625000e+00
2.500000e-01
3.750000e-01
6.250000e+00
8.375000e+00
4.125000e+00
-3.000000e+00
-3.125000e+00
-3.750000e-01
6.250000e-01
1.875000e+00
-3.500000e+00
1.125000e+00
7.625000e+00
-1.625000e+00
-3
-2.750000e+00
-2
1.125000e+00
-2.500000e+00
-4.500000e+00
-1.125000e+00
1.862500e+01
-4.287500e+01
2.225000e+01
1.625000e+00
-2.112500e+01
-3.125000e+00
1.987500e+01
-3.250000e+00
0
-1.331250e+02
-1.312500e+01
7.375000e+00
-3.125000e+00
-3.375000e+00
-9.125000e+00
1.637500e+01
-3.750000e+00
-1.750000e+00
2.375000e+00
-1.250000e-01
3.750000e-01
-8.750000e-01
1.625000e+00
-1
-2.500000e-01
-4.375000e+00
6.250000e+00
-2.250000e+00
-2.273737e-13
-9.375000e+00
-1.437500e+01
-3.375000e+00
7.875000e+00
3.725000e+01
-3.125000e+00
-1.000000e+00
-2.375000e+00
-1.250000e+00
0
7.125000e+00
8.750000e-01
7.500000e-01
-1.500000e+00
5.000000e-01
-2.500000e+00
-3.750000e+00
1.875000e+00
7.500000e-01
2.700000e+01
-2.787500e+01
-5.037500e+01
4.087500e+01
-4.750000e+00
2.587500e+01
-5.500000e+00
6.250000e-01
8.750000e-01
-1.418750e+02
-1.525000e+01
2.375000e+01
-1.037500e+01
-6.625000e+00
-1.200000e+01
1.925000e+01
-5.375000e+00
2.250000e+00
1.625000e+00
-5.250000e+00
-1.750000e+00
-2.500000e-01
-3.125000e+00
1.375000e+00
-4.375000e+00
-3.875000e+00
-2.625000e+00
6
-2.250000e+00
-2.875000e+00
1.875000e+00
3.375000e+00
-9.375000e+00
-4.437500e+01
2.637500e+01
8.625000e+00
-1.000000e+00
-1.875000e+00
0
9.875000e+00
-5.500000e+00
-1.500000e+00
-1.250000e-01
-5.375000e+00
2.375000e+00
-1.250000e-01
8.750000e-01
1.875000e+00
2
3.387500e+01
-4.287500e+01
-4.025000e+01
2.075000e+01
-3.250000e+00
-6.250000e-01
-6.250000e-01
1
-1.616250e+02
5.125000e+00
2.025000e+01
-1.200000e+01
-6
-1.137500e+01
2.700000e+01
1.250000e+00
-5.000000e-01
2.125000e+00
-2
5.250000e+00
-1.875000e+00
2.750000e+00
-1.450000e+01
2.262500e+01
6.250000e-01
-5.125000e+00
1.500000e+00
1.637500e+01
3.750000e+00
-3.375000e+00
-6.500000e+00
1.875000e+00
-1.125000e+00
-2.475000e+01
-7.625000e+00
6.125000e+01
-3.750000e+00
2.500000e-01
7.250000e+00
-2.375000e+00
-6
3.125000e+00
1.250000e+00
-5.250000e+00
2.500000e+00
-2.500000e-01
1.875000e+00
-1.375000e+00
1.487500e+01
-60
6.587500e+01
-2.125000e+00
-2.250000e+00
-2.750000e+00
3.375000e+00
-5.125000e+00
-1.635000e+02
2.887500e+01
8.625000e+00
-1.237500e+01
-7.250000e+00
-1.037500e+01
2.362500e+01
-5.250000e+00
6.250000e-01
3.625000e+00
-3.250000e+00
1.250000e+00
-1.000000e+00
6.250000e-01
-9.000000e+00
1.000000e+00
3.750000e-01
4.750000e+00
2.625000e+00
3.500000e+00
8.750000e+00
-4
-3.125000e+00
-1.650000e+01
2.425000e+01
-7.500000e-01
-1.012500e+01
-8.737500e+01
6.687500e+01
-2.000000e+00
8.500000e+00
-5.000000e+00
-8.125000e+00
-11
2.925000e+01
-2.375000e+01
-2.750000e+00
-2.250000e+00
-1
2
-5.212500e+01
52
5.125000e+00
-4.375000e+00
7.500000e-01
1.487500e+01
2.112500e+01
2.337500e+01
-1.082500e+02
1.125000e+00
8.125000e+00
-1.037500e+01
-8.500000e+00
-6.875000e+00
20
-3.125000e+00
-2.500000e+00
1.750000e+00
1.125000e+00
1.250000e-01
-1.375000e+00
2.500000e+00
3.875000e+00
-2.375000e+00
1.012500e+01
-3.875000e+00
-4.750000e+00
-8.500000e+00
5.625000e+00
-14
2.287500e+01
8.250000e+00
-2.987500e+01
6.500000e+00
-3.625000e+00
-3.750000e-01
-4.037500e+01
5.887500e+01
5.875000e+00
-5.250000e+00
-6
-15
3.675000e+01
-4.250000e+00
-1.512500e+01
1.750000e+00
2.500000e-01
-13
1.237500e+01
1.187500e+01
-9.500000e+00
4.625000e+00
6.000000e+00
6.875000e+00
-7.125000e+00
-1.812500e+01
-7.375000e+01
-2.625000e+00
9.125000e+00
-9.750000e+00
-8.500000e+00
-9.875000e+00
2.087500e+01
-2.375000e+00
-1.250000e-01
2.500000e+00
-2.750000e+00
8.750000e-01
-6.000000e+00
7.000000e+00
1.500000e+00
8.750000e-01
-6.250000e-01
-2
7.500000e-01
-3.125000e+00
1.450000e+01
2.187500e+01
-1.875000e+01
-4.625000e+00
8.000000e+00
1
1.250000e-01
3.625000e+00
-1.925000e+01
-5.087500e+01
6.875000e+01
-9.500000e+00
-6.625000e+00
-1.375000e+01
1.275000e+01
3.000000e+01
-2.712500e+01
-3.875000e+00
1.125000e+00
-3.987500e+01
4.287500e+01
-8.000000e+00
6.250000e+00
-2.375000e+00
1.262500e+01
4.125000e+00
-6.875000e+00
-5.500000e+00
-8.237500e+01
4.500000e+00
7.625000e+00
-9.125000e+00
-6.250000e+00
-1.112500e+01
1.925000e+01
-2.125000e+00
-1.625000e+00
2.375000e+00
-6.250000e+00
4.537500e+01
-4.062500e+01
-1.625000e+00
3.250000e+00
-8.750000e-01
-3.500000e+00
-5.875000e+00
-1.112500e+01
2.925000e+01
-4.250000e+00
-2.637500e+01
1.500000e+00
4.500000e+00
-1.250000e-01
-7.500000e+00
5.000000e-01
2.875000e+00
4.125000e+00
-2.837500e+01
3.850000e+01
-1.100000e+01
-5.875000e+00
-1.550000e+01
5.250000e+00
1.562500e+01
7.362500e+01
-2.162500e+01
-2.337500e+01
7.425000e+01
-1.875000e+00
-7.500000e-01
-8.750000e-01
-1.375000e+00
3.350000e+01
-2.462500e+01
-5.375000e+00
-1.125000e+00
-7.787500e+01
-1.500000e+00
1.637500e+01
-1.137500e+01
-9.250000e+00
-7.625000e+00
2.837500e+01
-5.125000e+00
1.000000e+00
3.000000e+00
-1.500000e+00
-17
2.075000e+01
-3.375000e+00
-1.375000e+00
-7.125000e+00
4.625000e+00
-1.875000e+00
3.350000e+01
-2.400000e+01
-2.125000e+00
4.375000e+00
-4.750000e+00
2.500000e+00
1.000000e+00
2.750000e+00
-3.625000e+00
1.500000e+00
-6.000000e+00
7.125000e+00
-6.387500e+01
7.025000e+01
-1.000000e+01
-20
46
4.000000e+01
-5.775000e+01
-1.362500e+01
-9.175000e+01
68
-5.625000e+00
5.000000e-01
1.375000e+00
4.225000e+01
-4.812500e+01
1.375000e+00
-3.250000e+00
3.750000e-01
-8.825000e+01
-3.250000e+00
1.075000e+01
-8.625000e+00
-7.875000e+00
-1.112500e+01
2.162500e+01
-4.250000e+00
-2.750000e+00
5.000000e-01
-1.025000e+01
-3.825000e+01
4.375000e+01
3.500000e+00
-9.125000e+00
8.750000e-01
-2.750000e+00
1.862500e+01
-2.725000e+01
8.875000e+00
-5.375000e+00
-4.250000e+00
-6.750000e+00
6.375000e+00
8.750000e-01
-7.625000e+00
-3.000000e+00
7.500000e+00
1.125000e+00
-7.000000e+00
-3.625000e+00
-3.325000e+01
1.412500e+01
2.125000e+01
6.250000e-01
-38
-1.525000e+01
1.362500e+01
-6.600000e+01
6.125000e+01
-4.875000e+00
4.250000e+00
1.212500e+01
-4.750000e+00
7.500000e-01
-4.875000e+00
1
1.250000e-01
-9.062500e+01
1.375000e+00
4.750000e+00
-9.125000e+00
-1.362500e+01
-9.250000e+00
2.275000e+01
-6.250000e-01
-4.875000e+00
5.000000e+00
1.250000e+00
-2.112500e+01
2.575000e+01
8.000000e+00
-1.125000e+00
-6.500000e+00
1.737500e+01
-2.100000e+01
1.037500e+01
-5.625000e+00
4
-2.500000e-01
3.375000e+00
-3.375000e+00
2.500000e+00
-4.375000e+00
6.375000e+00
-1.750000e+00
-5.500000e+00
1.875000e+00
-8.500000e+00
-6.125000e+00
7.250000e+00
-2.062500e+01
-1.000000e+00
-8.750000e-01
-3.250000e+00
-2.500000e+00
-1.202500e+02
9.950000e+01
-3.875000e+00
5
2.812500e+01
-3.212500e+01
-5.125000e+00
1.250000e-01
1.125000e+00
1.625000e+00
-8.812500e+01
2.750000e+00
1.200000e+01
-1.150000e+01
-8.625000e+00
-9.750000e+00
2.162500e+01
-4.875000e+00
1.250000e-01
8.750000e-01
25
-4.362500e+01
5.125000e+00
2.375000e+00
6.125000e+00
9.875000e+00
-2.025000e+01
2.062500e+01
-1.312500e+01
1.037500e+01
-5
-3.125000e+00
2.625000e+00
-6
-8.750000e-01
7.750000e+00
-1.250000e+00
-7.500000e+00
5
7.500000e+00
1.125000e+01
-3.125000e+00
6.750000e+00
-5.250000e+00
7.125000e+00
-2.500000e-01
-6.500000e+00
1.950000e+01
-4.512500e+01
3.200000e+01
1.375000e+00
2.550000e+01
-2.312500e+01
2.750000e+00
-2.125000e+00
-1.250000e+00
-1.750000e+00
-2.375000e+00
-8.462500e+01
4.250000e+00
7.250000e+00
-10
-7.500000e+00
-1.125000e+01
2.325000e+01
-3.750000e+00
-1.250000e-01
1.375000e+00
6.350000e+01
-75
2.500000e+00
6.875000e+00
1.587500e+01
-2.037500e+01
1.612500e+01
-1.287500e+01
1.062500e+01
-5.500000e+00
-2.187500e+01
-2.437500e+01
2.500000e-01
-2.125000e+00
-3
-7.625000e+00
-7.500000e+00
-3.375000e+00
1.987500e+01
5.000000e-01
-6.750000e+00
-2.750000e+00
6.625000e+00
-2.500000e-01
1.625000e+00
-2.850000e+01
-1.875000e+00
3.037500e+01
-1.587500e+01
-6.125000e+00
2.250000e+00
1.725000e+01
-1.475000e+01
-5.750000e+00
2
-8.750000e-01
1.500000e+00
6.250000e-01
-8.712500e+01
3.000000e+00
4.875000e+00
-8.500000e+00
-7.625000e+00
-1.287500e+01
2.512500e+01
-4.875000e+00
-1.875000e+00
1.375000e+00
7.487500e+01
-9.525000e+01
9.875000e+00
-20
-1.625000e+00
1.675000e+01
-1.962500e+01
1.362500e+01
-7.500000e-01
-7.125000e+00
1.725000e+01
4.575000e+01
-2.787500e+01
-6.625000e+00
-1
0
3.675000e+01
3.312500e+01
6.250000e-01
-8.750000e+00
-1.500000e+00
-1.000000e+00
-6.000000e+00
-5.250000e+00
-6.825000e+01
-1.062500e+01
8.450000e+01
-1.220000e+02
9.325000e+01
2.250000e+00
3.062500e+01
-3.562500e+01
1.750000e+00
-1.750000e+00
2.500000e+00
-6.250000e-01
-1.250000e-01
1.250000e-01
-9.275000e+01
8.125000e+00
4.750000e+00
-1.087500e+01
-7
-1.475000e+01
2.612500e+01
-7.375000e+00
-5.000000e-01
0
1.675000e+01
-1.637500e+01
-5.375000e+00
1.212500e+01
2.437500e+01
-1.937500e+01
1.625000e+01
-6.625000e+00
-1.000000e+01
-9.750000e+00
-8.500000e+00
-1.962500e+01
2.212500e+01
2.437500e+01
-3.125000e+00
4.700000e+01
-1.125000e+00
-3.050000e+01
-2.050000e+01
4.750000e+00
-1.750000e+00
1.125000e+00
-4.375000e+01
-5.250000e+00
114
3.037500e+01
-104
59
-3.125000e+00
-1.125000e+00
2.837500e+01
-2.037500e+01
-8.375000e+00
5.000000e-01
-7.500000e-01
1.750000e+00
-1.625000e+00
8.750000e-01
-9.325000e+01
2.625000e+00
7.500000e+00
-11
-6
-1.662500e+01
2.850000e+01
-5.000000e-01
1.250000e-01
3.375000e+00
-1.075000e+01
3.250000e+00
-7.750000e+00
8.250000e+00
-6.375000e+00
1.237500e+01
-2.250000e+00
-1.787500e+01
-1.312500e+01
2.900000e+01
2.125000e+00
3.137500e+01
-1.262500e+01
-2.812500e+01
7.325000e+01
-40
-3.637500e+01
-2
3.375000e+00
1.875000e+00
-5.500000e+00
-8.750000e-01
4.025000e+01
5.000000e-01
-3.225000e+01
-84
5.962500e+01
-4.125000e+00
1.625000e+00
1.775000e+01
-1.962500e+01
-1.875000e+00
-4.500000e+00
1.250000e-01
1.625000e+00
-5.000000e-01
1.625000e+00
1.500000e+00
-9.737500e+01
5.000000e-01
1.200000e+01
-1.225000e+01
-7.750000e+00
-19
3.162500e+01
-4.750000e+00
1.125000e+00
0
-5.250000e+00
5.937500e+01
-4.962500e+01
-7.625000e+00
1.012500e+01
-1.250000e-01
2.875000e+00
-1.125000e+01
1.750000e+00
-1.875000e+00
-8.500000e+00
1.550000e+01
-3.875000e+00
4.112500e+01
-5.000000e-01
-1.762500e+01
-8.250000e+00
1.875000e+00
4.125000e+00
7.500000e-01
2.125000e+00
-1.312500e+01
2.562500e+01
7.875000e+00
-4.612500e+01
64
-1.250000e+00
-3.875000e+00
7.500000e+00
2.687500e+01
-6.250000e-01
-2.462500e+01
2.625000e+00
1.500000e+00
-3.125000e+00
-3.750000e-01
-7.500000e-01
5.000000e-01
-9.162500e+01
-2.875000e+00
2.025000e+01
-1.050000e+01
-6.375000e+00
-1.862500e+01
2.925000e+01
-6.625000e+00
-2.625000e+00
2.875000e+00
3.375000e+00
1.425000e+01
-62
3.725000e+01
-1.625000e+00
-18
-1.362500e+01
8.750000e-01
2.975000e+01
-3.287500e+01
3.525000e+01
-3.462500e+01
4.775000e+01
-1.162500e+01
-15
-2.112500e+01
1.900000e+01
-1.100000e+01
1.575000e+01
-1.600000e+01
8.750000e-01
-4.050000e+01
6.175000e+01
-3.625000e+00
-1.575000e+01
1.212500e+01
-4
-4.125000e+00
1.162500e+01
-1.087500e+01
7.375000e+00
-5.500000e+00
-7.250000e+00
-1.250000e-01
-1.000000e+00
2.500000e-01
-3.750000e+00
-8.750000e-01
-9.512500e+01
-3.125000e+00
1.487500e+01
-1.212500e+01
-6.500000e+00
-1.800000e+01
28
-5.500000e+00
-1.000000e+00
7.125000e+00
-8.750000e+00
-8.750000e+00
-4.987500e+01
5.475000e+01
-9.250000e+00
1.250000e-01
2.525000e+01
-3.750000e-01
-1.750000e+00
1.162500e+01
-1.450000e+01
26
-8.625000e+00
-2.787500e+01
1.175000e+01
-1.525000e+01
1.750000e+00
1.225000e+01
-6.875000e+00
-6.375000e+00
-7.500000e-01
-4.612500e+01
35
5.937500e+01
-5.312500e+01
8.750000e-01
-7.500000e+00
7.750000e+00
3.637500e+01
-2.812500e+01
-1.637500e+01
7.750000e+00
1.150000e+01
3.500000e+00
-1.875000e+00
-7.750000e+00
-3.750000e-01
2.500000e-01
-8.937500e+01
-1.875000e+00
1.525000e+01
-9.375000e+00
-6.250000e+00
-1.662500e+01
2.887500e+01
-3.875000e+00
-7.500000e-01
2.625000e+00
-1.250000e+00
1.262500e+01
-1.225000e+01
-1.137500e+01
-3.475000e+01
5.800000e+01
-9.000000e+00
-1.475000e+01
5.625000e+00
-1.262500e+01
4.875000e+00
4.912500e+01
-3.775000e+01
8.750000e+00
-2.812500e+01
-1
-3.587500e+01
-8.375000e+00
1.125000e+00
-3.625000e+00
-8.750000e-01
-38
-2.550000e+01
6.250000e+01
-4.275000e+01
9.000000e+00
-9.125000e+00
-2.500000e-01
1.737500e+01
-6.750000e+00
-8.750000e+00
-5
-9.500000e+00
0
5.750000e+00
1.150000e+01
1
-1
-8.962500e+01
-7.125000e+00
1.712500e+01
-1.350000e+01
-9
-1.912500e+01
3.012500e+01
-6.500000e+00
-1.875000e+00
2.375000e+00
1.525000e+01
-3.175000e+01
6.350000e+01
-5.825000e+01
4.287500e+01
2.375000e+00
3
-7.625000e+00
1.037500e+01
-2.037500e+01
5.637500e+01
-3.162500e+01
-1.162500e+01
-4.425000e+01
-6.500000e+00
-2.062500e+01
3.812500e+01
1.375000e+00
5.750000e+00
-2.875000e+00
-2.525000e+01
-1.037500e+01
-8.125000e+00
2.812500e+01
-45
3.375000e+01
1.375000e+00
6.125000e+00
-8.875000e+00
-2.250000e+00
2.500000e+00
2.500000e+00
1.250000e-01
2.500000e-01
-3.750000e+00
-8
-3.125000e+00
2.375000e+00
-8.575000e+01
-3.750000e+00
20
-1.250000e+01
-7.375000e+00
-1.712500e+01
2.975000e+01
8.750000e-01
1.500000e+00
3.187500e+01
-54
-1.050000e+01
-4.287500e+01
4.175000e+01
-1.875000e+00
-1.425000e+01
3.712500e+01
-1.662500e+01
-2.512500e+01
3.650000e+01
-2.487500e+01
-1.537500e+01
-4.762500e+01
6.862500e+01
54
2.350000e+01
8.050000e+01
-2.112500e+01
1.762500e+01
-6.787500e+01
7.237500e+01
1.287500e+01
2.962500e+01
2.100000e+01
-4.200000e+01
2.575000e+01
5.875000e+00
5.350000e+01
-4.187500e+01
-1.262500e+01
2
-3.125000e+00
6.250000e-01
0
-2.500000e-01
-4.625000e+00
5.000000e-01
-2.750000e+00
-9.112500e+01
-7.875000e+00
2.225000e+01
-14
-7.750000e+00
-1.612500e+01
2.787500e+01
-8.375000e+00
1.025000e+01
5.987500e+01
-92
2.725000e+01
4.000000e+00
1.112500e+01
-4.875000e+00
-4.500000e+00
2.662500e+01
-9.500000e+00
6.375000e+00
4.637500e+01
-2.250000e+01
-4.487500e+01
3.075000e+01
1.700000e+01
-1.025000e+01
-6.462500e+01
-3.025000e+01
12
1.950000e+01
-1.987500e+01
-2.500000e-01
-8.462500e+01
4.250000e+01
-2.500000e+00
-2.075000e+01
2.212500e+01
1.125000e+00
2.137500e+01
-1.475000e+01
-1.750000e+00
1.250000e-01
-3.375000e+00
-2.500000e+00
-3.500000e+00
5.000000e-01
1.087500e+01
3.012500e+01
3.125000e+00
-9.500000e+01
-3
2.600000e+01
-1.412500e+01
-1.287500e+01
-2.050000e+01
3.012500e+01
-7.875000e+00
5.375000e+00
-1.150000e+01
4.637500e+01
29
-3.437500e+01
2.825000e+01
4.125000e+00
-2.600000e+01
3.637500e+01
-5.000000e-01
4.037500e+01
-3.162500e+01
-5.762500e+01
5.487500e+01
-1.275000e+01
-1.025000e+01
5
3.075000e+01
-4.750000e+00
7
3.437500e+01
-5.037500e+01
1.287500e+01
3.687500e+01
-1.362500e+01
-5.625000e+00
-5.262500e+01
5.875000e+01
8.500000e+00
-4.250000e+00
-1.750000e+00
0
3
2.125000e+00
2.500000e-01
-2.500000e+00
2.412500e+01
-2
-2.612500e+01
-4.625000e+00
-8.025000e+01
-7.375000e+00
2.575000e+01
-1.737500e+01
-1.012500e+01
-1.775000e+01
2.950000e+01
-5.000000e-01
-1.925000e+01
-1.600000e+01
1.925000e+01
-2.412500e+01
-5
2.212500e+01
-1.587500e+01
-1
-1.375000e+01
1.250000e+00
1.887500e+01
-7.787500e+01
7.550000e+01
-1.400000e+01
-7.500000e-01
-5.500000e+00
-1.187500e+01
-4.375000e+00
-8.750000e-01
-2.625000e+00
3.925000e+01
-5.012500e+01
3.500000e+00
-1.500000e+00
-1.075000e+01
-7.250000e+00
-2.237500e+01
41
3.625000e+01
-2.012500e+01
-1.650000e+01
-1.250000e-01
-2.500000e-01
-3.750000e-01
-1.125000e+00
1.487500e+01
-3.250000e+00
-1.512500e+01
5
2.875000e+00
-7.037500e+01
-4.875000e+00
2.462500e+01
-1.712500e+01
-3.875000e+00
-2.025000e+01
2.900000e+01
-4.625000e+00
1.175000e+01
-3.362500e+01
6.625000e+00
-3.625000e+00
2.125000e+01
3.750000e-01
6.000000e+00
35
-8.375000e+01
8.462500e+01
-3.487500e+01
-28
3.112500e+01
-1.612500e+01
1
1.375000e+00
-7.000000e+00
-7.875000e+00
3.500000e+00
2.500000e-01
2.925000e+01
-5.187500e+01
2.125000e+01
-5.375000e+00
1.150000e+01
-2.350000e+01
1.062500e+01
1.187500e+01
2.562500e+01
-2.850000e+01
-7.125000e+00
-1.375000e+00
2
2.500000e-01
-1
2.962500e+01
-2.650000e+01
4.875000e+00
-4.625000e+00
-1.375000e+00
-7.437500e+01
-3.375000e+00
3.325000e+01
-2.025000e+01
-6.500000e+00
-2.225000e+01
4.225000e+01
-8.875000e+00
-3.750000e-01
-7.875000e+00
-1.687500e+01
-2.275000e+01
4.662500e+01
2.500000e+00
-2.475000e+01
-9.500000e+00
-4.625000e+00
2.812500e+01
-7.475000e+01
9.675000e+01
-6.875000e+00
-1.037500e+01
8.750000e-01
-1.250000e+00
3.750000e+00
-6.125000e+00
1.062500e+01
-1.550000e+01
1.450000e+01
-7.362500e+01
2.937500e+01
-3.137500e+01
4.012500e+01
-1.875000e+01
5.625000e+00
6.625000e+00
7.250000e+00
-5.250000e+00
2.875000e+00
-1.125000e+00
-5.000000e-01
-3.750000e+00
19
-2.112500e+01
5.250000e+00
-6.250000e+00
6.250000e-01
-3.750000e-01
-7.625000e+01
-2.875000e+00
1.787500e+01
-1.287500e+01
-6.625000e+00
-1.962500e+01
2.875000e+01
-9.750000e+00
2.050000e+01
1.575000e+01
-4.325000e+01
2.450000e+01
-3.262500e+01
-1.362500e+01
7.187500e+01
3
7.312500e+01
-1.213750e+02
3.775000e+01
2.775000e+01
-1.012500e+01
-9.625000e+00
-3.750000e-01
-3.000000e+00
2.625000e+00
-2.500000e+00
7.375000e+00
27
3.575000e+01
-1.250000e+01
1.425000e+01
-1.175000e+01
2.800000e+01
-1.937500e+01
4.587500e+01
-2.287500e+01
-1.225000e+01
-4.125000e+00
6.250000e-01
-1.250000e+00
-1.625000e+00
-3.750000e-01
2.737500e+01
-2.625000e+01
1.250000e-01
1.250000e-01
-2.500000e+00
-1.875000e+00
-70
5.750000e+00
-1.375000e+00
-1.162500e+01
-2.500000e+00
-2.425000e+01
3.387500e+01
-21
2.062500e+01
-2.837500e+01
3.087500e+01
-2.762500e+01
-2.487500e+01
2.187500e+01
3.950000e+01
-1.975000e+01
-8.750000e+00
-4.575000e+01
1.950000e+01
1.250000e+01
-1.062500e+01
-1.162500e+01
1.375000e+00
-5.000000e-01
-2.250000e+00
-4.625000e+00
-8.125000e+00
1.650000e+01
-2.550000e+01
-3.112500e+01
-2.050000e+01
28
1.125000e+01
-2.237500e+01
8.212500e+01
-5.212500e+01
-2.187500e+01
-5.875000e+00
2.250000e+00
1.375000e+00
2.500000e-01
-3.750000e+00
1.625000e+01
-5.250000e+00
-6
1.125000e+00
-2.500000e-01
1.375000e+00
-5.837500e+01
7.500000e+00
8.750000e+00
-9.625000e+00
-5.625000e+00
-2.550000e+01
3.287500e+01
-3.737500e+01
2.987500e+01
-2.625000e+00
1.250000e+00
5.000000e+00
1.600000e+01
2.862500e+01
-4.050000e+01
-3.937500e+01
-1.937500e+01
3.525000e+01
2.300000e+01
-6.250000e-01
2.500000e+00
-7.375000e+00
-3.250000e+00
-4.250000e+00
6.250000e-01
3.162500e+01
8.500000e+00
3.225000e+01
3.250000e+00
2.825000e+01
-2.537500e+01
2.537500e+01
9.625000e+00
-9.125000e+00
7.625000e+01
-62
-7.500000e+00
-4.750000e+00
3
-8.750000e-01
2.125000e+00
-4.375000e+00
1.612500e+01
-1.000000e+01
7.500000e-01
1.500000e+00
-3.250000e+00
1.250000e-01
-4.850000e+01
1.012500e+01
-4
-1.200000e+01
-9
-1.525000e+01
2.975000e+01
-5.350000e+01
2.287500e+01
1.200000e+01
-27
3.037500e+01
-1.250000e+00
9.375000e+00
-35
1.325000e+01
2.787500e+01
3.125000e+00
2.250000e+00
-4
-7.500000e-01
4.250000e+00
-3.250000e+00
1.750000e+00
-1.575000e+01
-1.087500e+01
-7.625000e+00
-3.512500e+01
-3.937500e+01
-38
2.950000e+01
3.500000e+00
6.625000e+00
-1.487500e+01
3.650000e+01
-3.325000e+01
-5.625000e+00
-1.375000e+00
8.750000e-01
-2.500000e-01
3.750000e-01
-4.875000e+00
8
-1.037500e+01
2.250000e+00
-2.750000e+00
-2.750000e+00
6.250000e-01
-4.800000e+01
1.412500e+01
3.750000e-01
-7.125000e+00
-8.625000e+00
-1.925000e+01
2.762500e+01
-8.375000e+00
-1.750000e+00
1.250000e-01
-3.250000e+01
1.125000e+00
3.337500e+01
-1.462500e+01
-6.450000e+01
2.275000e+01
2.000000e+00
-4.375000e+00
8.750000e-01
-12
2.250000e+00
1.337500e+01
-1.250000e+01
-4.125000e+00
-8.750000e-01
2.375000e+00
9.375000e+00
1.162500e+01
3.875000e+00
-1.300000e+01
3.125000e+01
-7.875000e+00
-2.125000e+00
5.875000e+00
1.950000e+01
-2.375000e+01
4.250000e+00
-1
-1.125000e+00
-2.125000e+00
-5.000000e-01
1.750000e+00
9.875000e+00
-5.375000e+00
-3.000000e+00
2.125000e+00
1.250000e-01
0
-4.575000e+01
9.500000e+00
-5.875000e+00
-9.125000e+00
-4.125000e+00
-2.912500e+01
4.862500e+01
1.637500e+01
-12
5.875000e+00
-2.712500e+01
4.825000e+01
-2.475000e+01
-4.100000e+01
8.787500e+01
2.562500e+01
2.500000e-01
-7.250000e+00
8.000000e+00
-6.250000e-01
4.750000e+00
-4.125000e+00
3.375000e+01
-1.075000e+01
-1.350000e+01
-8.375000e+00
-1.475000e+01
-13
-3.712500e+01
2.762500e+01
8.875000e+00
-8.125000e+00
-8.875000e+00
5.625000e+00
2.750000e+00
-1.775000e+01
2.500000e+00
-6.250000e+00
-2.500000e+00
-1.625000e+00
2.625000e+00
9.375000e+00
-9.625000e+00
0
-1.250000e+00
-6
-4.137500e+01
-3.437500e+01
-4.387500e+01
2.400000e+01
-4.125000e+00
-1.625000e+01
-3
1.250000e-01
-2.575000e+01
3.225000e+01
-2.850000e+01
-2
-5
2.500000e+00
2.812500e+01
-3.450000e+01
-1.362500e+01
1.825000e+01
-9.750000e+00
-1.125000e+00
9.375000e+00
5.500000e+00
-2.375000e+00
1.112500e+01
-4.250000e+00
1.500000e+00
1.250000e+01
1.200000e+01
-5.125000e+00
4.125000e+00
-1.612500e+01
2.562500e+01
7.212500e+01
7.000000e+00
-6.625000e+00
1.250000e-01
8.750000e+00
-2.175000e+01
3.462500e+01
1.075000e+01
-2
-1.587500e+01
-1.525000e+01
40
-5.112500e+01
3.125000e+00
-3.000000e+00
-4.662500e+01
5.950000e+01
4.637500e+01
-1.118750e+02
1.587500e+01
39
-2.275000e+01
5
-3.812500e+01
1.937500e+01
2.350000e+01
-1.712500e+01
30
5.425000e+01
-3.287500e+01
-3.987500e+01
3.512500e+01
-6.625000e+00
-4.025000e+01
-1.137500e+01
7.750000e+00
1.837500e+01
-3.375000e+00
5.625000e+00
4.375000e+00
-5.000000e-01
-2.500000e+00
2.250000e+00
-1.250000e-01
5.500000e+00
1.075000e+01
-1.100000e+01
-1.525000e+01
-7.462500e+01
9.875000e+00
5.537500e+01
-9.375000e+00
4.162500e+01
-4.225000e+01
-12
7.500000e-01
1.025000e+01
2.337500e+01
2.325000e+01
7.225000e+01
-5.312500e+01
-1.125000e+00
-5.462500e+01
58
1.487500e+01
-1.050000e+01
-1.220000e+02
-3.175000e+01
59
-2.737500e+01
-4.625000e+00
8.875000e+00
-2.775000e+01
1.325000e+01
-9
-3.987500e+01
3.050000e+01
-3.587500e+01
5.212500e+01
1.325000e+01
-5.387500e+01
3.775000e+01
1.250000e-01
5.000000e-01
5.875000e+00
-7.250000e+00
7.625000e+00
-1.137500e+01
1.087500e+01
2.500000e+00
-2.750000e+00
-4.375000e+00
4.875000e+00
-5.375000e+00
-8.750000e-01
2.875000e+00
-1.500000e+00
-3.412500e+01
-1.525000e+01
4.125000e+01
7.312500e+01
-8.050000e+01
-3.375000e+00
-2.125000e+00
-4.750000e+00
-8.250000e+00
2
3.650000e+01
-45
-3.175000e+01
6.000000e+01
-1.262500e+01
-8.750000e+00
2.750000e+00
-1.250000e+01
-6.037500e+01
6.375000e+01
-3.762500e+01
-4.375000e+00
-1.250000e-01
2.062500e+01
6.250000e+00
-1.162500e+01
-2.025000e+01
31
-7.500000e-01
-13
1.212500e+01
-9.875000e+00
5.000000e+00
-8.425000e+01
5.887500e+01
-1.500000e+00
-2.500000e+00
2.637500e+01
-5.700000e+01
4.625000e+01
-9.875000e+00
-1.250000e+00
5.000000e-01
5.000000e-01
1.500000e+00
2.125000e+00
1.875000e+00
-2.500000e-01
7.500000e-01
-4.937500e+01
3.362500e+01
60
-5.600000e+01
2.500000e-01
-1.375000e+00
-3.750000e+00
-2.125000e+00
2.062500e+01
5.625000e+00
-1.762500e+01
-4.050000e+01
4.750000e+01
-4.250000e+00
1.750000e+00
-2.375000e+00
2.625000e+00
-6.912500e+01
7.975000e+01
-4.225000e+01
-7.625000e+00
-1.112500e+01
1.475000e+01
1.250000e+00
7.125000e+00
-6.662500e+01
5.975000e+01
2.500000e-01
1.187500e+01
-1.775000e+01
2.137500e+01
3.750000e+00
-8.050000e+01
5.950000e+01
-1.225000e+01
2.625000e+00
2.450000e+01
-5.575000e+01
4.925000e+01
-1.337500e+01
-4.125000e+00
5.875000e+00
0
1.750000e+00
-1.000000e+00
8.750000e-01
6.250000e-01
-1.500000e+00
-8.750000e-01
-5.912500e+01
6.962500e+01
-1.962500e+01
-1.625000e+00
-1.375000e+00
5.000000e-01
1.100000e+01
-1.050000e+01
-1.125000e+01
-2.812500e+01
2.475000e+01
9.625000e+00
-1.625000e+01
9.500000e+00
-1.250000e+00
1.050000e+01
-7.587500e+01
7.037500e+01
-4.212500e+01
1.750000e+00
-1.637500e+01
1.050000e+01
4.125000e+00
4.625000e+00
-2.162500e+01
1.675000e+01
5.625000e+00
-1.800000e+01
4.312500e+01
-5.087500e+01
44
-2.125000e+00
-1.275000e+01
-1.237500e+01
1.700000e+01
-1.387500e+01
-3.475000e+01
3.987500e+01
-2.750000e+00
-4.250000e+00
1.875000e+00
-1.250000e+00
1.250000e+00
2.375000e+00
3
-4.875000e+00
-1.000000e+00
1.500000e+00
-8.900000e+01
8.375000e+01
-6.750000e+00
8.750000e-01
1.500000e+00
-3.500000e+00
2.675000e+01
-3.787500e+01
4.625000e+00
-2.412500e+01
2.325000e+01
-2.500000e+00
3.250000e+00
-7.750000e+00
4.000000e+00
7.250000e+00
-6.412500e+01
5.737500e+01
-3.625000e+01
-4.250000e+00
-1.137500e+01
7.500000e-01
5.000000e+00
-1.200000e+01
5.375000e+00
4
1.375000e+00
1.250000e-01
1.762500e+01
-5.625000e+01
-7.125000e+00
2.625000e+00
2.250000e+00
7.125000e+00
2.187500e+01
-1.550000e+01
2.250000e+00
-4.750000e+00
-2.500000e+00
-2.250000e+00
2.375000e+00
2.375000e+00
-1
1.875000e+00
1.625000e+00
7.500000e-01
-2.500000e-01
-2
-11
2.250000e+00
-10
-1.625000e+01
-7.375000e+00
4.125000e+00
8
1.475000e+01
-2.125000e+01
1.250000e+00
3.500000e+00
-2.000000e+00
3.375000e+00
4.500000e+00
-2.625000e+00
6.000000e+00
-5.387500e+01
5.087500e+01
-2.762500e+01
-1.875000e+00
-1.912500e+01
-5.000000e-01
1.712500e+01
4.875000e+00
4.750000e+00
-4.750000e+00
1.287500e+01
9.500000e+00
-60
6.475000e+01
6.500000e+00
6.500000e+00
2.000000e+00
1.450000e+01
3
-3.250000e+01
43
-2.450000e+01
1.000000e+00
-1.000000e+00
-1.250000e+00
2
6.250000e-01
3.750000e-01
-1.250000e-01
8.750000e-01
-1.500000e+00
-4.375000e+00
-1.875000e+00
-1.700000e+01
4.675000e+01
2.312500e+01
-5.625000e+00
-2.187500e+01
-2.362500e+01
5.050000e+01
-7.225000e+01
1.312500e+01
2.750000e+00
1.537500e+01
-8.375000e+00
-7.625000e+00
-5.250000e+00
-3.425000e+01
-2.887500e+01
3.162500e+01
-19
-2.875000e+00
-1.550000e+01
1.087500e+01
-1.250000e+00
-4.500000e+00
9.875000e+00
-1.387500e+01
6.750000e+00
4.750000e+00
3.462500e+01
-7.200000e+01
7.875000e+00
5.000000e-01
4.125000e+00
1.925000e+01
-2.475000e+01
3.125000e+00
9.625000e+00
-7.625000e+00
-6.250000e-01
-2.500000e-01
-2.375000e+00
1.125000e+00
5.000000e-01
3.500000e+00
1.625000e+00
8.750000e-01
1.875000e+00
-3.250000e+00
-1.250000e+00
-8.925000e+01
7.525000e+01
-1.187500e+01
1.200000e+01
6.500000e+01
-2.087500e+01
6.125000e+00
-6.087500e+01
4.925000e+01
1.312500e+01
-2.625000e+01
1.587500e+01
-1.975000e+01
8.625000e+00
-7.075000e+01
-1.850000e+01
1.612500e+01
-1.150000e+01
-3.375000e+00
3.875000e+00
3.750000e-01
5.875000e+00
-4
11
1.012500e+01
-1.287500e+01
1.050000e+01
-1.837500e+01
1.325000e+01
2.112500e+01
3.125000e+00
8.000000e+00
-2.212500e+01
2.512500e+01
2.612500e+01
-1.612500e+01
-1.625000e+00
-2.500000e+00
-2.500000e-01
-2.250000e+00
-3.750000e-01
3.750000e-01
2.500000e+00
7.500000e-01
1.125000e+00
4
-2.625000e+00
-3.250000e+00
-3.225000e+01
3.312500e+01
-1.225000e+01
-5.625000e+00
1.025000e+01
-2.500000e+01
-43
5.925000e+01
9.000000e+00
-2.500000e+01
2.175000e+01
-8.000000e+00
-4.500000e+00
5.125000e+00
-3.587500e+01
6.375000e+00
4.750000e+00
7.750000e+00
-7.875000e+00
-3.625000e+01
4.637500e+01
4.625000e+00
2.125000e+00
4.750000e+00
2.425000e+01
-6.525000e+01
-7.125000e+00
1.987500e+01
-8.250000e+00
1.375000e+01
4.125000e+00
1.800000e+01
8.875000e+00
-2.875000e+01
-9.625000e+00
2
-1.500000e+00
2.500000e-01
-2.500000e-01
-6.250000e-01
1.125000e+00
2.750000e+00
8.750000e-01
3.375000e+00
2.125000e+00
2.125000e+00
-1.250000e+00
6.250000e-01
-3.125000e+00
8.125000e+00
-4.000000e+00
-3.125000e+00
-1.000000e+01
1.275000e+01
4.062500e+01
-1.125000e+00
-7.500000e+00
5.375000e+00
1.737500e+01
-2.475000e+01
5.875000e+00
1.250000e-01
-1.875000e+01
-1.025000e+01
-2.737500e+01
1.625000e+01
-2.500000e+00
-2.812500e+01
1.362500e+01
-2.625000e+00
-2.500000e-01
2.962500e+01
-3.750000e+00
-2.850000e+01
14
7.875000e+00
1.125000e+00
-2.150000e+01
2.550000e+01
-1.162500e+01
-4.750000e+00
1.125000e+00
3.250000e+00
-2.750000e+00
1.375000e+00
-2.273737e-13
6.250000e-01
1.125000e+00
-2
-1.750000e+00
0
-3.750000e-01
1.250000e+00
5.000000e-01
-1.625000e+00
6.250000e-01
2.273737e-13
-8.750000e+00
9.750000e+00
-2.750000e+00
-1.250000e-01
4.500000e+00
-1.137500e+01
-3
-1.500000e+00
1.212500e+01
-1.325000e+01
-5.375000e+00
8.000000e+00
6.625000e+00
